-0.01	-8.409631E-5	-0.168193
0	-8.385186E-5	-0.167704
0.01	-8.293519E-5	-0.16587
0.02	-8.238519E-5	-0.16477
0.03	-8.165186E-5	-0.163304
0.04	-8.049075E-5	-0.160981
0.05	-7.994075E-5	-0.159881
0.06	-7.975741E-5	-0.159515
0.07	-7.865741E-5	-0.157315
0.08	-7.822963E-5	-0.156459
0.09	-7.69463E-5	-0.153893
0.1	-7.651852E-5	-0.153037
0.11	-7.517408E-5	-0.150348
0.12	-7.480741E-5	-0.149615
0.13	-7.437963E-5	-0.148759
0.14	-7.352407E-5	-0.147048
0.15	-7.236296E-5	-0.144726
0.16	-7.132407E-5	-0.142648
0.17	-7.028518E-5	-0.14057
0.18	-6.942962E-5	-0.138859
0.19	-6.857407E-5	-0.137148
0.2	-6.784073E-5	-0.135681
0.21	-6.643518E-5	-0.13287
0.22	-6.576295E-5	-0.131526
0.23	-6.411295E-5	-0.128226
0.24	-6.337962E-5	-0.126759
0.25	-6.160739E-5	-0.123215
0.26	-6.056851E-5	-0.121137
0.27	-5.873517E-5	-0.11747
0.28	-5.720739E-5	-0.114415
0.29	-5.476294E-5	-0.109526
0.3	-5.305183E-5	-0.106104
0.31	-5.079072E-5	-0.101581
0.32	-4.846849E-5	-0.096937
0.33	-4.510738E-5	-0.090215
0.34	-4.266293E-5	-0.085326
0.35	-3.875182E-5	-0.077504
0.36	-3.53907E-5	-0.070781
0.37	-2.927958E-5	-0.058559
0.38	-2.536847E-5	-0.050737
0.39	-1.717957E-5	-0.034359
0.4	-1.149623E-5	-0.022992
0.41	-7.314E-7	-0.001463
0.42	7.935047E-6	0.01587
0.43	2.419269E-5	0.048385
0.44	3.782048E-5	0.075641
0.45	6.171495E-5	0.12343
0.46	8.194275E-5	0.163885
0.47	0.000116	0.232076
0.48	0.000145	0.28952
0.49	0.000196	0.392187
0.5	0.000243	0.485076
0.51	0.000316	0.632965
0.52	0.000378	0.755187
0.53	0.000486	0.971521
0.54	0.000568	1.135299
0.55	0.00072	1.439633
0.56	0.000874	1.747633
0.57	0.001046	2.091078
0.58	0.001184	2.367277
0.59	0.001458	2.916728
0.6	0.001642	3.283028
0.61	0.001977	3.954579
0.62	0.002234	4.467399
0.63	0.002631	5.26105
0.64	0.002924	5.847131
0.65	0.003388	6.775092
0.66	0.003711	7.422222
0.67	0.004236	8.472283
0.68	0.004609	9.217094
0.69	0.005182	10.364835
0.7	0.005585	11.170696
0.71	0.006214	12.428327
0.72	0.006611	13.221978
0.73	0.007289	14.577289
0.74	0.007704	15.40757
0.75	0.008442	16.884982
0.76	0.008919	17.837363
0.77	0.009621	19.241514
0.78	0.010121	20.242735
0.79	0.01086	21.720147
0.8	0.011531	23.062271
0.81	0.012325	24.649573
0.82	0.012813	25.626374
0.83	0.013607	27.213675
0.84	0.014095	28.190476
0.85	0.01495	29.899878
0.86	0.015499	30.998779
0.87	0.016293	32.586081
0.88	0.016842	33.684982
0.89	0.017697	35.394383
0.9	0.018247	36.493284
0.91	0.01904	38.080586
0.92	0.019651	39.301587
0.93	0.020444	40.888889
0.94	0.021055	42.10989
0.95	0.021849	43.697192
0.96	0.022459	44.918193
0.97	0.023314	46.627595
0.98	0.023863	47.726496
0.99	0.024718	49.435897
1	0.025267	50.534799
1.01	0.026183	52.3663
1.02	0.026244	52.4884
1.03	0.027343	54.686203
1.04	0.027343	54.686203
1.05	0.027282	54.564103
1.06	0.027343	54.686203
1.07	0.027282	54.564103
1.08	0.027282	54.564103
1.09	0.027282	54.564103
1.1	0.027282	54.564103
1.11	0.027282	54.564103
1.12	0.027221	54.442002
1.13	0.027282	54.564103
1.14	0.027221	54.442002
1.15	0.027221	54.442002
1.16	0.027221	54.442002
1.17	0.027221	54.442002
1.18	0.027221	54.442002
1.19	0.027221	54.442002
1.2	0.027221	54.442002
1.21	0.027221	54.442002
1.22	0.027221	54.442002
1.23	0.02716	54.319902
1.24	0.02716	54.319902
1.25	0.027221	54.442002
1.26	0.02716	54.319902
1.27	0.02716	54.319902
1.28	0.02716	54.319902
1.29	0.02716	54.319902
1.3	0.02716	54.319902
1.31	0.027099	54.197802
1.32	0.02716	54.319902
1.33	0.02716	54.319902
1.34	0.02716	54.319902
1.35	0.027099	54.197802
1.36	0.027099	54.197802
1.37	0.02716	54.319902
1.38	0.027099	54.197802
1.39	0.027099	54.197802
1.4	0.027099	54.197802
1.41	0.027099	54.197802
1.42	0.027099	54.197802
1.43	0.027099	54.197802
1.44	0.027099	54.197802
1.45	0.027099	54.197802
1.46	0.027099	54.197802
1.47	0.027099	54.197802
1.48	0.027099	54.197802
1.49	0.027038	54.075702
1.5	0.027099	54.197802
1.51	0.027038	54.075702
1.52	0.027038	54.075702
1.53	0.027038	54.075702
1.54	0.027038	54.075702
1.55	0.027038	54.075702
1.56	0.027038	54.075702
1.57	0.027038	54.075702
1.58	0.027038	54.075702
1.59	0.027038	54.075702
1.6	0.027038	54.075702
1.61	0.027038	54.075702
1.62	0.027038	54.075702
1.63	0.027038	54.075702
1.64	0.027038	54.075702
1.65	0.027038	54.075702
1.66	0.026977	53.953602
1.67	0.027038	54.075702
1.68	0.027038	54.075702
1.69	0.027038	54.075702
1.7	0.027038	54.075702
1.71	0.026977	53.953602
1.72	0.027038	54.075702
1.73	0.026977	53.953602
1.74	0.026977	53.953602
1.75	0.026977	53.953602
1.76	0.027038	54.075702
1.77	0.026977	53.953602
1.78	0.026977	53.953602
1.79	0.026977	53.953602
1.8	0.026977	53.953602
1.81	0.026977	53.953602
1.82	0.026977	53.953602
1.83	0.026977	53.953602
1.84	0.026977	53.953602
1.85	0.026977	53.953602
1.86	0.026977	53.953602
1.87	0.026977	53.953602
1.88	0.026977	53.953602
1.89	0.026977	53.953602
1.9	0.026977	53.953602
1.91	0.026977	53.953602
1.92	0.026977	53.953602
1.93	0.026977	53.953602
1.94	0.026916	53.831502
1.95	0.026977	53.953602
1.96	0.026977	53.953602
1.97	0.026977	53.953602
1.98	0.026977	53.953602
1.99	0.026977	53.953602
