-0.01	-0.005666	-11.332357
0	-0.005666	-11.332357
0.01	-0.005654	-11.307937
0.02	-0.005648	-11.295726
0.03	-0.005642	-11.283516
0.04	-0.005636	-11.271306
0.05	-0.005623	-11.246886
0.06	-0.005617	-11.234676
0.07	-0.005611	-11.222466
0.08	-0.005599	-11.198046
0.09	-0.005593	-11.185836
0.1	-0.005581	-11.161416
0.11	-0.005575	-11.149206
0.12	-0.005562	-11.124786
0.13	-0.00555	-11.100366
0.14	-0.005538	-11.075946
0.15	-0.00552	-11.039316
0.16	-0.005507	-11.014896
0.17	-0.005489	-10.978266
0.18	-0.005477	-10.953846
0.19	-0.005453	-10.905006
0.2	-0.005434	-10.868376
0.21	-0.00541	-10.819536
0.22	-0.005385	-10.770696
0.23	-0.005349	-10.697436
0.24	-0.005324	-10.648596
0.25	-0.005275	-10.550916
0.26	-0.005239	-10.477656
0.27	-0.005178	-10.355556
0.28	-0.005129	-10.257875
0.29	-0.005056	-10.111355
0.3	-0.004989	-9.977045
0.31	-0.004891	-9.781685
0.32	-0.004811	-9.622955
0.33	-0.004671	-9.342125
0.34	-0.004567	-9.134554
0.35	-0.004396	-8.792674
0.36	-0.004262	-8.524054
0.37	-0.004036	-8.072283
0.38	-0.003871	-7.742613
0.39	-0.003603	-7.205372
0.4	-0.003395	-6.790232
0.41	-0.003072	-6.143101
0.42	-0.002846	-5.691331
0.43	-0.002449	-4.89768
0.44	-0.002186	-4.37265
0.45	-0.001747	-3.493529
0.46	-0.001454	-2.907448
0.47	-0.001004	-2.00826
0.48	-0.000675	-1.349481
0.49	-0.000126	-0.251925
0.5	0.000228	0.455743
0.51	0.000801	1.602188
0.52	0.001159	2.318437
0.53	0.00177	3.539438
0.54	0.002173	4.345299
0.55	0.002783	5.5663
0.56	0.003314	6.628571
0.57	0.003864	7.727473
0.58	0.004285	8.569963
0.59	0.004963	9.925275
0.6	0.005421	10.841026
0.61	0.006104	12.208547
0.62	0.00658	13.160928
0.63	0.007301	14.601709
0.64	0.007759	15.51746
0.65	0.008485	16.970452
0.66	0.008955	17.910623
0.67	0.00967	19.339194
0.68	0.010189	20.377045
0.69	0.010933	21.866667
0.7	0.011592	23.184371
0.71	0.012386	24.771673
0.72	0.012935	25.870574
0.73	0.013668	27.335775
0.74	0.014156	28.312576
0.75	0.01495	29.899878
0.76	0.015499	30.998779
0.77	0.016293	32.586081
0.78	0.016842	33.684982
0.79	0.017575	35.150183
0.8	0.018125	36.249084
0.81	0.018918	37.836386
0.82	0.019468	38.935287
0.83	0.020261	40.522589
0.84	0.020811	41.62149
0.85	0.021604	43.208791
0.86	0.022154	44.307692
0.87	0.022947	45.894994
0.88	0.023497	46.993895
0.89	0.024291	48.581197
0.9	0.02484	49.680098
0.91	0.025695	51.389499
0.92	0.026183	52.3663
0.93	0.026855	53.709402
0.94	0.026794	53.587302
0.95	0.026794	53.587302
0.96	0.026794	53.587302
0.97	0.026794	53.587302
0.98	0.026794	53.587302
0.99	0.026794	53.587302
1	0.026794	53.587302
1.01	0.026794	53.587302
1.02	0.026794	53.587302
1.03	0.026733	53.465201
1.04	0.026733	53.465201
1.05	0.026733	53.465201
1.06	0.026733	53.465201
1.07	0.026733	53.465201
1.08	0.026733	53.465201
1.09	0.026733	53.465201
1.1	0.026733	53.465201
1.11	0.026733	53.465201
1.12	0.026733	53.465201
1.13	0.026733	53.465201
1.14	0.026733	53.465201
1.15	0.026672	53.343101
1.16	0.026672	53.343101
1.17	0.026672	53.343101
1.18	0.026672	53.343101
1.19	0.026672	53.343101
1.2	0.026672	53.343101
1.21	0.026672	53.343101
1.22	0.026672	53.343101
1.23	0.026672	53.343101
1.24	0.026672	53.343101
1.25	0.026672	53.343101
1.26	0.026611	53.221001
1.27	0.026672	53.343101
1.28	0.026672	53.343101
1.29	0.026672	53.343101
1.3	0.026672	53.343101
1.31	0.026611	53.221001
1.32	0.026611	53.221001
1.33	0.026611	53.221001
1.34	0.026672	53.343101
1.35	0.026611	53.221001
1.36	0.026611	53.221001
1.37	0.026611	53.221001
1.38	0.026611	53.221001
1.39	0.026611	53.221001
1.4	0.026611	53.221001
1.41	0.026611	53.221001
1.42	0.026611	53.221001
1.43	0.026611	53.221001
1.44	0.026611	53.221001
1.45	0.026549	53.098901
1.46	0.026611	53.221001
1.47	0.026549	53.098901
1.48	0.026611	53.221001
1.49	0.026611	53.221001
1.5	0.026549	53.098901
1.51	0.026549	53.098901
1.52	0.026549	53.098901
1.53	0.026611	53.221001
1.54	0.026549	53.098901
1.55	0.026549	53.098901
1.56	0.026549	53.098901
1.57	0.026549	53.098901
1.58	0.026549	53.098901
1.59	0.026549	53.098901
1.6	0.026549	53.098901
1.61	0.026549	53.098901
1.62	0.026549	53.098901
1.63	0.026549	53.098901
1.64	0.026549	53.098901
1.65	0.026549	53.098901
1.66	0.026549	53.098901
1.67	0.026549	53.098901
1.68	0.026549	53.098901
1.69	0.026549	53.098901
1.7	0.026549	53.098901
1.71	0.026549	53.098901
1.72	0.026549	53.098901
1.73	0.026549	53.098901
1.74	0.026549	53.098901
1.75	0.026549	53.098901
1.76	0.026549	53.098901
1.77	0.026549	53.098901
1.78	0.026549	53.098901
1.79	0.026549	53.098901
1.8	0.026549	53.098901
1.81	0.026549	53.098901
1.82	0.026549	53.098901
1.83	0.026549	53.098901
1.84	0.026488	52.976801
1.85	0.026549	53.098901
1.86	0.026549	53.098901
1.87	0.026488	52.976801
1.88	0.026488	52.976801
1.89	0.026549	53.098901
1.9	0.026488	52.976801
1.91	0.026488	52.976801
1.92	0.026488	52.976801
1.93	0.026488	52.976801
1.94	0.026488	52.976801
1.95	0.026488	52.976801
1.96	0.026488	52.976801
1.97	0.026488	52.976801
1.98	0.026488	52.976801
1.99	0.026488	52.976801
