-0.01	-0.005062	-10.123565
0	-0.005062	-10.123565
0.01	-0.005062	-10.123565
0.02	-0.005062	-10.123565
0.03	-0.005062	-10.123565
0.04	-0.005062	-10.123565
0.05	-0.005056	-10.111355
0.06	-0.005056	-10.111355
0.07	-0.00505	-10.099145
0.08	-0.00505	-10.099145
0.09	-0.00505	-10.099145
0.1	-0.00505	-10.099145
0.11	-0.005043	-10.086935
0.12	-0.005043	-10.086935
0.13	-0.005043	-10.086935
0.14	-0.005037	-10.074725
0.15	-0.005037	-10.074725
0.16	-0.005031	-10.062515
0.17	-0.005031	-10.062515
0.18	-0.005025	-10.050305
0.19	-0.005025	-10.050305
0.2	-0.005019	-10.038095
0.21	-0.005019	-10.038095
0.22	-0.005013	-10.025885
0.23	-0.005007	-10.013675
0.24	-0.005007	-10.013675
0.25	-0.005001	-10.001465
0.26	-0.004995	-9.989255
0.27	-0.004989	-9.977045
0.28	-0.004982	-9.964835
0.29	-0.004982	-9.964835
0.3	-0.004976	-9.952625
0.31	-0.00497	-9.940415
0.32	-0.004964	-9.928205
0.33	-0.004958	-9.915995
0.34	-0.004958	-9.915995
0.35	-0.004946	-9.891575
0.36	-0.00494	-9.879365
0.37	-0.004927	-9.854945
0.38	-0.004927	-9.854945
0.39	-0.004915	-9.830525
0.4	-0.004909	-9.818315
0.41	-0.004903	-9.806105
0.42	-0.004897	-9.793895
0.43	-0.004885	-9.769475
0.44	-0.004873	-9.745055
0.45	-0.004866	-9.732845
0.46	-0.004854	-9.708425
0.47	-0.004842	-9.684005
0.48	-0.00483	-9.659585
0.49	-0.004818	-9.635165
0.5	-0.004805	-9.610745
0.51	-0.004787	-9.574115
0.52	-0.004781	-9.561905
0.53	-0.004763	-9.525275
0.54	-0.00475	-9.500855
0.55	-0.004732	-9.464225
0.56	-0.004714	-9.427595
0.57	-0.004695	-9.390965
0.58	-0.004677	-9.354335
0.59	-0.004653	-9.305495
0.6	-0.004634	-9.268864
0.61	-0.004604	-9.207814
0.62	-0.004579	-9.158974
0.63	-0.004543	-9.085714
0.64	-0.004512	-9.024664
0.65	-0.004463	-8.926984
0.66	-0.004421	-8.841514
0.67	-0.004354	-8.707204
0.68	-0.004305	-8.609524
0.69	-0.004201	-8.401954
0.7	-0.004122	-8.243223
0.71	-0.003975	-7.950183
0.72	-0.003871	-7.742613
0.73	-0.003676	-7.351893
0.74	-0.003517	-7.034432
0.75	-0.003249	-6.497192
0.76	-0.003047	-6.094261
0.77	-0.002724	-5.447131
0.78	-0.002498	-4.99536
0.79	-0.002119	-4.238339
0.8	-0.001863	-3.725519
0.81	-0.001478	-2.956288
0.82	-0.001222	-2.443468
0.83	-0.000854	-1.708815
0.84	-0.000616	-1.232148
0.85	-0.000267	-0.533036
0.86	-6.716851E-5	-0.134337
0.87	0.000216	0.43252
0.88	0.000373	0.746632
0.89	0.000587	1.173188
0.9	0.000712	1.423744
0.91	0.000887	1.774522
0.92	0.000995	1.989633
0.93	0.001159	2.318437
0.94	0.001269	2.538217
0.95	0.001428	2.855678
0.96	0.00155	3.099878
0.97	0.001721	3.441758
0.98	0.001837	3.673748
0.99	0.002026	4.052259
1	0.002154	4.308669
1.01	0.002356	4.7116
1.02	0.00249	4.98022
1.03	0.002698	5.39536
1.04	0.002838	5.67619
1.05	0.00307	6.140171
1.06	0.003259	6.518681
1.07	0.003455	6.909402
1.08	0.003613	7.226862
1.09	0.003858	7.715263
1.1	0.004022	8.044933
1.11	0.004279	8.557753
1.12	0.004456	8.911844
1.13	0.004718	9.436874
1.14	0.00495	9.900855
1.15	0.005189	10.377045
1.16	0.005378	10.755556
1.17	0.005659	11.317216
1.18	0.005866	11.732357
1.19	0.006123	12.245177
1.2	0.006373	12.745788
1.21	0.006684	13.368498
1.22	0.006904	13.808059
1.23	0.007234	14.467399
1.24	0.007441	14.88254
1.25	0.007783	15.5663
1.26	0.008021	16.042491
1.27	0.008369	16.738462
1.28	0.008595	17.190232
1.29	0.008961	17.922833
1.3	0.009193	18.386813
1.31	0.009554	19.107204
1.32	0.009816	19.632234
1.33	0.010195	20.389255
1.34	0.010451	20.902076
1.35	0.010823	21.646886
1.36	0.011287	22.573871
1.37	0.011653	23.306471
1.38	0.011958	23.916972
1.39	0.012386	24.771673
1.4	0.01263	25.260073
1.41	0.013057	26.114774
1.42	0.013363	26.725275
1.43	0.01379	27.579976
1.44	0.014034	28.068376
1.45	0.014462	28.923077
1.46	0.014828	29.655678
1.47	0.015255	30.510379
1.48	0.01556	31.120879
1.49	0.015988	31.97558
1.5	0.016293	32.586081
1.51	0.016781	33.562882
1.52	0.017087	34.173382
1.53	0.017575	35.150183
1.54	0.01788	35.760684
1.55	0.018308	36.615385
1.56	0.018735	37.470085
1.57	0.019162	38.324786
1.58	0.019468	38.935287
1.59	0.019956	39.912088
1.6	0.020261	40.522589
1.61	0.020811	41.62149
1.62	0.021116	42.23199
1.63	0.021665	43.330891
1.64	0.022032	44.063492
1.65	0.022459	44.918193
1.66	0.022825	45.650794
1.67	0.023375	46.749695
1.68	0.02368	47.360195
1.69	0.024168	48.336996
1.7	0.024596	49.191697
1.71	0.025145	50.290598
1.72	0.025512	51.023199
1.73	0.026061	52.1221
1.74	0.025939	51.8779
1.75	0.026366	52.732601
1.76	0.027038	54.075702
1.77	0.027038	54.075702
1.78	0.027038	54.075702
1.79	0.027038	54.075702
1.8	0.026977	53.953602
1.81	0.026977	53.953602
1.82	0.026977	53.953602
1.83	0.026977	53.953602
1.84	0.026977	53.953602
1.85	0.026977	53.953602
1.86	0.026977	53.953602
1.87	0.026977	53.953602
1.88	0.026977	53.953602
1.89	0.026977	53.953602
1.9	0.026977	53.953602
1.91	0.026977	53.953602
1.92	0.026916	53.831502
1.93	0.026916	53.831502
1.94	0.026916	53.831502
1.95	0.026916	53.831502
1.96	0.026916	53.831502
1.97	0.026916	53.831502
1.98	0.026916	53.831502
1.99	0.026916	53.831502
