-0.01	-7.74963E-5	-0.154993
0	-7.725186E-5	-0.154504
0.01	-7.767963E-5	-0.155359
0.02	-7.725186E-5	-0.154504
0.03	-7.737408E-5	-0.154748
0.04	-7.706852E-5	-0.154137
0.05	-7.706852E-5	-0.154137
0.06	-7.725186E-5	-0.154504
0.07	-7.725186E-5	-0.154504
0.08	-7.688519E-5	-0.15377
0.09	-7.700741E-5	-0.154015
0.1	-7.706852E-5	-0.154137
0.11	-7.657963E-5	-0.153159
0.12	-7.63963E-5	-0.152793
0.13	-7.633519E-5	-0.15267
0.14	-7.664074E-5	-0.153281
0.15	-7.651852E-5	-0.153037
0.16	-7.645741E-5	-0.152915
0.17	-7.609074E-5	-0.152181
0.18	-7.609074E-5	-0.152181
0.19	-7.602963E-5	-0.152059
0.2	-7.560185E-5	-0.151204
0.21	-7.535741E-5	-0.150715
0.22	-7.572408E-5	-0.151448
0.23	-7.554074E-5	-0.151081
0.24	-7.52963E-5	-0.150593
0.25	-7.499074E-5	-0.149981
0.26	-7.468519E-5	-0.14937
0.27	-7.47463E-5	-0.149493
0.28	-7.444074E-5	-0.148881
0.29	-7.425741E-5	-0.148515
0.3	-7.444074E-5	-0.148881
0.31	-7.376852E-5	-0.147537
0.32	-7.382963E-5	-0.147659
0.33	-7.321852E-5	-0.146437
0.34	-7.346296E-5	-0.146926
0.35	-7.297407E-5	-0.145948
0.36	-7.254629E-5	-0.145093
0.37	-7.205741E-5	-0.144115
0.38	-7.224074E-5	-0.144481
0.39	-7.193518E-5	-0.14387
0.4	-7.193518E-5	-0.14387
0.41	-7.120185E-5	-0.142404
0.42	-7.071296E-5	-0.141426
0.43	-7.046851E-5	-0.140937
0.44	-7.022407E-5	-0.140448
0.45	-6.961296E-5	-0.139226
0.46	-6.942962E-5	-0.138859
0.47	-6.894074E-5	-0.137881
0.48	-6.826851E-5	-0.136537
0.49	-6.753518E-5	-0.13507
0.5	-6.704629E-5	-0.134093
0.51	-6.649629E-5	-0.132993
0.52	-6.612962E-5	-0.132259
0.53	-6.509073E-5	-0.130181
0.54	-6.405184E-5	-0.128104
0.55	-6.301295E-5	-0.126026
0.56	-6.221851E-5	-0.124437
0.57	-6.075184E-5	-0.121504
0.58	-5.879628E-5	-0.117593
0.59	-5.629072E-5	-0.112581
0.6	-5.433517E-5	-0.10867
0.61	-5.115738E-5	-0.102315
0.62	-4.79796E-5	-0.095959
0.63	-4.290738E-5	-0.085815
0.64	-3.771293E-5	-0.075426
0.65	-2.909625E-5	-0.058193
0.66	-2.084624E-5	-0.041692
0.67	-7.165762E-6	-0.014332
0.68	5.345279E-6	0.010691
0.69	2.957047E-5	0.059141
0.7	5.108161E-5	0.102163
0.71	9.055942E-5	0.181119
0.72	0.000125	0.249187
0.73	0.00019	0.379965
0.74	0.000243	0.486298
0.75	0.000345	0.689187
0.76	0.000428	0.85541
0.77	0.000573	1.146299
0.78	0.000694	1.388299
0.79	0.000899	1.798966
0.8	0.001048	2.095967
0.81	0.001306	2.611477
0.82	0.001489	2.977778
0.83	0.001794	3.588278
0.84	0.002002	4.003419
0.85	0.002331	4.662759
0.86	0.002563	5.12674
0.87	0.002917	5.834921
0.88	0.003143	6.286691
0.89	0.003479	6.958242
0.9	0.003711	7.422222
0.91	0.004059	8.118193
0.92	0.004279	8.557753
0.93	0.004602	9.204884
0.94	0.004841	9.681074
0.95	0.005164	10.328205
0.96	0.005384	10.767766
0.97	0.005714	11.427106
0.98	0.005946	11.891087
0.99	0.006287	12.574847
1	0.006519	13.038828
1.01	0.00688	13.759219
1.02	0.007112	14.223199
1.03	0.007466	14.93138
1.04	0.007704	15.40757
1.05	0.008076	16.152381
1.06	0.008381	16.762882
1.07	0.008711	17.422222
1.08	0.008955	17.910623
1.09	0.009352	18.704274
1.1	0.009621	19.241514
1.11	0.010018	20.035165
1.12	0.010292	20.584615
1.13	0.010689	21.378266
1.14	0.011226	22.45177
1.15	0.011592	23.184371
1.16	0.011836	23.672772
1.17	0.012325	24.649573
1.18	0.012569	25.137973
1.19	0.012996	25.992674
1.2	0.013363	26.725275
1.21	0.01379	27.579976
1.22	0.014095	28.190476
1.23	0.014523	29.045177
1.24	0.014828	29.655678
1.25	0.015316	30.632479
1.26	0.015683	31.365079
1.27	0.016171	32.34188
1.28	0.016476	32.952381
1.29	0.016965	33.929182
1.3	0.017331	34.661783
1.31	0.017758	35.516484
1.32	0.018125	36.249084
1.33	0.018613	37.225885
1.34	0.018979	37.958486
1.35	0.019468	38.935287
1.36	0.019834	39.667888
1.37	0.020383	40.766789
1.38	0.020689	41.377289
1.39	0.021238	42.47619
1.4	0.021604	43.208791
1.41	0.022154	44.307692
1.42	0.02252	45.040293
1.43	0.02307	46.139194
1.44	0.023436	46.871795
1.45	0.023924	47.848596
1.46	0.024352	48.703297
1.47	0.024901	49.802198
1.48	0.025267	50.534799
1.49	0.025817	51.6337
1.5	0.026183	52.3663
1.51	0.026122	52.2442
1.52	0.026611	53.221001
1.53	0.027282	54.564103
1.54	0.027282	54.564103
1.55	0.027282	54.564103
1.56	0.027221	54.442002
1.57	0.027221	54.442002
1.58	0.027282	54.564103
1.59	0.027282	54.564103
1.6	0.027221	54.442002
1.61	0.027221	54.442002
1.62	0.027282	54.564103
1.63	0.027221	54.442002
1.64	0.027221	54.442002
1.65	0.027221	54.442002
1.66	0.027221	54.442002
1.67	0.027221	54.442002
1.68	0.027221	54.442002
1.69	0.027221	54.442002
1.7	0.027221	54.442002
1.71	0.02716	54.319902
1.72	0.02716	54.319902
1.73	0.02716	54.319902
1.74	0.02716	54.319902
1.75	0.02716	54.319902
1.76	0.02716	54.319902
1.77	0.02716	54.319902
1.78	0.02716	54.319902
1.79	0.02716	54.319902
1.8	0.02716	54.319902
1.81	0.02716	54.319902
1.82	0.02716	54.319902
1.83	0.027099	54.197802
1.84	0.02716	54.319902
1.85	0.02716	54.319902
1.86	0.027099	54.197802
1.87	0.027099	54.197802
1.88	0.027099	54.197802
1.89	0.027099	54.197802
1.9	0.027099	54.197802
1.91	0.027099	54.197802
1.92	0.027099	54.197802
1.93	0.027099	54.197802
1.94	0.027099	54.197802
1.95	0.027099	54.197802
1.96	0.027099	54.197802
1.97	0.027099	54.197802
1.98	0.027099	54.197802
1.99	0.027099	54.197802
