-0.01	-0.002357	-4.71453
0	-0.002357	-4.71453
0.01	-0.002351	-4.70232
0.02	-0.002357	-4.71453
0.03	-0.002351	-4.70232
0.04	-0.002351	-4.70232
0.05	-0.002351	-4.70232
0.06	-0.002351	-4.70232
0.07	-0.002351	-4.70232
0.08	-0.002345	-4.69011
0.09	-0.002345	-4.69011
0.1	-0.002345	-4.69011
0.11	-0.002345	-4.69011
0.12	-0.002339	-4.6779
0.13	-0.002339	-4.6779
0.14	-0.002339	-4.6779
0.15	-0.002333	-4.66569
0.16	-0.002333	-4.66569
0.17	-0.002333	-4.66569
0.18	-0.002333	-4.66569
0.19	-0.002327	-4.65348
0.2	-0.002327	-4.65348
0.21	-0.002327	-4.65348
0.22	-0.002321	-4.64127
0.23	-0.002315	-4.62906
0.24	-0.002315	-4.62906
0.25	-0.002315	-4.62906
0.26	-0.002308	-4.61685
0.27	-0.002302	-4.60464
0.28	-0.002302	-4.60464
0.29	-0.002302	-4.60464
0.3	-0.002296	-4.59243
0.31	-0.00229	-4.58022
0.32	-0.00229	-4.58022
0.33	-0.002284	-4.56801
0.34	-0.002278	-4.5558
0.35	-0.002278	-4.5558
0.36	-0.002272	-4.54359
0.37	-0.002266	-4.53138
0.38	-0.00226	-4.51917
0.39	-0.002247	-4.49475
0.4	-0.002241	-4.48254
0.41	-0.002235	-4.47033
0.42	-0.002223	-4.44591
0.43	-0.002217	-4.4337
0.44	-0.002205	-4.40928
0.45	-0.002192	-4.38486
0.46	-0.00218	-4.36044
0.47	-0.002156	-4.3116
0.48	-0.002144	-4.287179
0.49	-0.002113	-4.226129
0.5	-0.002095	-4.189499
0.51	-0.002052	-4.104029
0.52	-0.002028	-4.055189
0.53	-0.001973	-3.945299
0.54	-0.00193	-3.859829
0.55	-0.001851	-3.701099
0.56	-0.001777	-3.554579
0.57	-0.001686	-3.371429
0.58	-0.0016	-3.200488
0.59	-0.00146	-2.919658
0.6	-0.001344	-2.687668
0.61	-0.001148	-2.296947
0.62	-0.001011	-2.021704
0.63	-0.000758	-1.516926
0.64	-0.000558	-1.116037
0.65	-0.000227	-0.454814
0.66	-7.702214E-6	-0.015404
0.67	0.000381	0.761299
0.68	0.000675	1.349188
0.69	0.001129	2.257387
0.7	0.001471	2.941148
0.71	0.001989	3.978999
0.72	0.00235	4.699389
0.73	0.002936	5.871551
0.74	0.003339	6.677411
0.75	0.003968	7.935043
0.76	0.004395	8.789744
0.77	0.005066	10.132845
0.78	0.00553	11.060806
0.79	0.006214	12.428327
0.8	0.00669	13.380708
0.81	0.007435	14.87033
0.82	0.007936	15.871551
0.83	0.008668	17.336752
0.84	0.009193	18.386813
0.85	0.009975	19.949695
0.86	0.010457	20.914286
0.87	0.01147	22.940171
0.88	0.01202	24.039072
0.89	0.012874	25.748474
0.9	0.013363	26.725275
0.91	0.014217	28.434676
0.92	0.014767	29.533578
0.93	0.01556	31.120879
0.94	0.016171	32.34188
0.95	0.017026	34.051282
0.96	0.017575	35.150183
0.97	0.01843	36.859585
0.98	0.01904	38.080586
0.99	0.019834	39.667888
1	0.020444	40.888889
1.01	0.021299	42.598291
1.02	0.02191	43.819292
1.03	0.022764	45.528694
1.04	0.023375	46.749695
1.05	0.02423	48.459096
1.06	0.024962	49.924298
1.07	0.025695	51.389499
1.08	0.026305	52.610501
1.09	0.026366	52.732601
1.1	0.027099	54.197802
1.11	0.027099	54.197802
1.12	0.027099	54.197802
1.13	0.027099	54.197802
1.14	0.027099	54.197802
1.15	0.027099	54.197802
1.16	0.027038	54.075702
1.17	0.027038	54.075702
1.18	0.027038	54.075702
1.19	0.027038	54.075702
1.2	0.027038	54.075702
1.21	0.027038	54.075702
1.22	0.027038	54.075702
1.23	0.026977	53.953602
1.24	0.026977	53.953602
1.25	0.027038	54.075702
1.26	0.026977	53.953602
1.27	0.026977	53.953602
1.28	0.026977	53.953602
1.29	0.026977	53.953602
1.3	0.026977	53.953602
1.31	0.026977	53.953602
1.32	0.026977	53.953602
1.33	0.026916	53.831502
1.34	0.026977	53.953602
1.35	0.026916	53.831502
1.36	0.026916	53.831502
1.37	0.026916	53.831502
1.38	0.026916	53.831502
1.39	0.026916	53.831502
1.4	0.026916	53.831502
1.41	0.026916	53.831502
1.42	0.026916	53.831502
1.43	0.026916	53.831502
1.44	0.026916	53.831502
1.45	0.026916	53.831502
1.46	0.026916	53.831502
1.47	0.026916	53.831502
1.48	0.026916	53.831502
1.49	0.026855	53.709402
1.5	0.026855	53.709402
1.51	0.026916	53.831502
1.52	0.026855	53.709402
1.53	0.026855	53.709402
1.54	0.026916	53.831502
1.55	0.026855	53.709402
1.56	0.026855	53.709402
1.57	0.026855	53.709402
1.58	0.026855	53.709402
1.59	0.026855	53.709402
1.6	0.026855	53.709402
1.61	0.026855	53.709402
1.62	0.026855	53.709402
1.63	0.026855	53.709402
1.64	0.026855	53.709402
1.65	0.026855	53.709402
1.66	0.026794	53.587302
1.67	0.026794	53.587302
1.68	0.026855	53.709402
1.69	0.026855	53.709402
1.7	0.026794	53.587302
1.71	0.026794	53.587302
1.72	0.026855	53.709402
1.73	0.026794	53.587302
1.74	0.026794	53.587302
1.75	0.026794	53.587302
1.76	0.026794	53.587302
1.77	0.026794	53.587302
1.78	0.026794	53.587302
1.79	0.026794	53.587302
1.8	0.026794	53.587302
1.81	0.026794	53.587302
1.82	0.026794	53.587302
1.83	0.026794	53.587302
1.84	0.026794	53.587302
1.85	0.026794	53.587302
1.86	0.026794	53.587302
1.87	0.026794	53.587302
1.88	0.026794	53.587302
1.89	0.026794	53.587302
1.9	0.026794	53.587302
1.91	0.026733	53.465201
1.92	0.026733	53.465201
1.93	0.026794	53.587302
1.94	0.026794	53.587302
1.95	0.026733	53.465201
1.96	0.026733	53.465201
1.97	0.026794	53.587302
1.98	0.026733	53.465201
1.99	0.026733	53.465201
