-0.01	-0.001576	-3.151648
0	-0.001576	-3.151648
0.01	-0.001576	-3.151648
0.02	-0.001576	-3.151648
0.03	-0.001576	-3.151648
0.04	-0.001576	-3.151648
0.05	-0.001576	-3.151648
0.06	-0.001576	-3.151648
0.07	-0.00157	-3.139438
0.08	-0.00157	-3.139438
0.09	-0.00157	-3.139438
0.1	-0.00157	-3.139438
0.11	-0.00157	-3.139438
0.12	-0.00157	-3.139438
0.13	-0.00157	-3.139438
0.14	-0.00157	-3.139438
0.15	-0.00157	-3.139438
0.16	-0.001564	-3.127228
0.17	-0.00157	-3.139438
0.18	-0.001564	-3.127228
0.19	-0.001564	-3.127228
0.2	-0.001564	-3.127228
0.21	-0.001558	-3.115018
0.22	-0.001564	-3.127228
0.23	-0.001558	-3.115018
0.24	-0.001558	-3.115018
0.25	-0.001551	-3.102808
0.26	-0.001558	-3.115018
0.27	-0.001558	-3.115018
0.28	-0.001551	-3.102808
0.29	-0.001551	-3.102808
0.3	-0.001551	-3.102808
0.31	-0.001551	-3.102808
0.32	-0.001545	-3.090598
0.33	-0.001545	-3.090598
0.34	-0.001545	-3.090598
0.35	-0.001539	-3.078388
0.36	-0.001539	-3.078388
0.37	-0.001533	-3.066178
0.38	-0.001533	-3.066178
0.39	-0.001533	-3.066178
0.4	-0.001527	-3.053968
0.41	-0.001527	-3.053968
0.42	-0.001527	-3.053968
0.43	-0.001521	-3.041758
0.44	-0.001521	-3.041758
0.45	-0.001515	-3.029548
0.46	-0.001509	-3.017338
0.47	-0.001509	-3.017338
0.48	-0.001503	-3.005128
0.49	-0.001496	-2.992918
0.5	-0.001496	-2.992918
0.51	-0.00149	-2.980708
0.52	-0.001484	-2.968498
0.53	-0.001478	-2.956288
0.54	-0.001472	-2.944078
0.55	-0.00146	-2.919658
0.56	-0.001448	-2.895238
0.57	-0.001435	-2.870818
0.58	-0.001429	-2.858608
0.59	-0.001411	-2.821978
0.6	-0.001399	-2.797558
0.61	-0.001374	-2.748718
0.62	-0.00135	-2.699878
0.63	-0.001319	-2.638828
0.64	-0.001283	-2.565568
0.65	-0.001234	-2.467888
0.66	-0.001191	-2.382418
0.67	-0.001106	-2.211477
0.68	-0.001045	-2.089377
0.69	-0.000935	-1.870149
0.7	-0.000843	-1.685593
0.71	-0.000666	-1.331148
0.72	-0.000529	-1.058592
0.73	-0.000295	-0.590481
0.74	-0.000114	-0.22748
0.75	0.000188	0.376298
0.76	0.000428	0.856632
0.77	0.000795	1.589966
0.78	0.001066	2.132633
0.79	0.001495	2.989988
0.8	0.0018	3.600488
0.81	0.002289	4.577289
0.82	0.002643	5.28547
0.83	0.003149	6.298901
0.84	0.003534	7.068132
0.85	0.00409	8.179243
0.86	0.004468	8.936264
0.87	0.005042	10.084005
0.88	0.005457	10.914286
0.89	0.006043	12.086447
0.9	0.006446	12.892308
0.91	0.007032	14.064469
0.92	0.007429	14.85812
0.93	0.008015	16.030281
0.94	0.0084	16.799512
0.95	0.00901	18.020513
0.96	0.009401	18.801954
0.97	0.009975	19.949695
0.98	0.010347	20.694505
0.99	0.010909	21.817827
1	0.01147	22.940171
1.01	0.01202	24.039072
1.02	0.012447	24.893773
1.03	0.012996	25.992674
1.04	0.013363	26.725275
1.05	0.013851	27.702076
1.06	0.014339	28.678877
1.07	0.014767	29.533578
1.08	0.015133	30.266178
1.09	0.015683	31.365079
1.1	0.016049	32.09768
1.11	0.016537	33.074481
1.12	0.016965	33.929182
1.13	0.017453	34.905983
1.14	0.017941	35.882784
1.15	0.018369	36.737485
1.16	0.018735	37.470085
1.17	0.019284	38.568987
1.18	0.019651	39.301587
1.19	0.020078	40.156288
1.2	0.020628	41.255189
1.21	0.021177	42.35409
1.22	0.021543	43.086691
1.23	0.022093	44.185592
1.24	0.022459	44.918193
1.25	0.023009	46.017094
1.26	0.023436	46.871795
1.27	0.024046	48.092796
1.28	0.024413	48.825397
1.29	0.025023	50.046398
1.3	0.025389	50.778999
1.31	0.026	52
1.32	0.026366	52.732601
1.33	0.026366	52.732601
1.34	0.027099	54.197802
1.35	0.02716	54.319902
1.36	0.027099	54.197802
1.37	0.027099	54.197802
1.38	0.027099	54.197802
1.39	0.027099	54.197802
1.4	0.027099	54.197802
1.41	0.027038	54.075702
1.42	0.027099	54.197802
1.43	0.027099	54.197802
1.44	0.027038	54.075702
1.45	0.027038	54.075702
1.46	0.027099	54.197802
1.47	0.027038	54.075702
1.48	0.027038	54.075702
1.49	0.027038	54.075702
1.5	0.027038	54.075702
1.51	0.027038	54.075702
1.52	0.027038	54.075702
1.53	0.027038	54.075702
1.54	0.027038	54.075702
1.55	0.026977	53.953602
1.56	0.027038	54.075702
1.57	0.027038	54.075702
1.58	0.026977	53.953602
1.59	0.026977	53.953602
1.6	0.026977	53.953602
1.61	0.026977	53.953602
1.62	0.026977	53.953602
1.63	0.026977	53.953602
1.64	0.026977	53.953602
1.65	0.026977	53.953602
1.66	0.026977	53.953602
1.67	0.026977	53.953602
1.68	0.026977	53.953602
1.69	0.026977	53.953602
1.7	0.026977	53.953602
1.71	0.026977	53.953602
1.72	0.026916	53.831502
1.73	0.026916	53.831502
1.74	0.026977	53.953602
1.75	0.026916	53.831502
1.76	0.026916	53.831502
1.77	0.026977	53.953602
1.78	0.026916	53.831502
1.79	0.026916	53.831502
1.8	0.026916	53.831502
1.81	0.026916	53.831502
1.82	0.026916	53.831502
1.83	0.026916	53.831502
1.84	0.026916	53.831502
1.85	0.026916	53.831502
1.86	0.026916	53.831502
1.87	0.026916	53.831502
1.88	0.026916	53.831502
1.89	0.026916	53.831502
1.9	0.026916	53.831502
1.91	0.026855	53.709402
1.92	0.026916	53.831502
1.93	0.026916	53.831502
1.94	0.026916	53.831502
1.95	0.026855	53.709402
1.96	0.026916	53.831502
1.97	0.026855	53.709402
1.98	0.026855	53.709402
1.99	0.026855	53.709402
