-0.01	-0.000783	-1.565815
0	-0.000783	-1.565815
0.01	-0.000782	-1.564593
0.02	-0.000783	-1.565815
0.03	-0.000782	-1.564593
0.04	-0.000782	-1.56337
0.05	-0.000782	-1.56337
0.06	-0.000782	-1.56337
0.07	-0.000782	-1.56337
0.08	-0.000782	-1.56337
0.09	-0.000781	-1.562148
0.1	-0.000781	-1.562148
0.11	-0.000779	-1.558482
0.12	-0.000779	-1.557259
0.13	-0.000779	-1.557259
0.14	-0.000779	-1.557259
0.15	-0.000779	-1.557259
0.16	-0.000777	-1.554815
0.17	-0.000777	-1.554815
0.18	-0.000777	-1.554815
0.19	-0.000777	-1.553593
0.2	-0.000776	-1.551148
0.21	-0.000775	-1.549926
0.22	-0.000775	-1.549926
0.23	-0.000774	-1.547482
0.24	-0.000773	-1.546259
0.25	-0.000773	-1.545037
0.26	-0.000773	-1.546259
0.27	-0.000773	-1.545037
0.28	-0.000771	-1.54137
0.29	-0.000771	-1.54137
0.3	-0.00077	-1.540148
0.31	-0.000769	-1.537704
0.32	-0.000768	-1.536482
0.33	-0.000767	-1.534037
0.34	-0.000766	-1.532815
0.35	-0.000765	-1.53037
0.36	-0.000765	-1.529148
0.37	-0.000765	-1.529148
0.38	-0.000763	-1.525482
0.39	-0.000762	-1.523037
0.4	-0.000761	-1.521815
0.41	-0.00076	-1.51937
0.42	-0.000759	-1.518148
0.43	-0.000758	-1.515704
0.44	-0.000756	-1.512037
0.45	-0.000754	-1.50837
0.46	-0.000754	-1.507148
0.47	-0.000752	-1.503482
0.48	-0.000751	-1.501037
0.49	-0.000748	-1.496148
0.5	-0.000747	-1.493704
0.51	-0.000744	-1.488815
0.52	-0.000744	-1.487593
0.53	-0.000741	-1.481481
0.54	-0.000739	-1.477815
0.55	-0.000736	-1.471704
0.56	-0.000732	-1.463148
0.57	-0.000729	-1.458259
0.58	-0.000727	-1.454593
0.59	-0.000722	-1.443593
0.6	-0.000719	-1.438704
0.61	-0.000712	-1.424037
0.62	-0.000708	-1.415481
0.63	-0.0007	-1.400815
0.64	-0.000693	-1.386148
0.65	-0.000682	-1.364148
0.66	-0.000673	-1.345815
0.67	-0.000656	-1.312815
0.68	-0.000641	-1.282259
0.69	-0.000614	-1.228481
0.7	-0.000594	-1.188148
0.71	-0.000553	-1.106259
0.72	-0.000518	-1.036592
0.73	-0.000459	-0.918036
0.74	-0.000405	-0.810481
0.75	-0.000307	-0.613703
0.76	-0.000232	-0.463369
0.77	-9.582965E-5	-0.191659
0.78	1.82038E-5	0.036408
0.79	0.000195	0.389743
0.8	0.000343	0.686743
0.81	0.00058	1.159743
0.82	0.000739	1.477521
0.83	0.001011	2.021411
0.84	0.001184	2.367277
0.85	0.001452	2.904518
0.86	0.001635	3.270818
0.87	0.00191	3.820269
0.88	0.002087	4.174359
0.89	0.002356	4.7116
0.9	0.002527	5.05348
0.91	0.002783	5.5663
0.92	0.002948	5.895971
0.93	0.003211	6.421001
0.94	0.003388	6.775092
0.95	0.00365	7.300122
0.96	0.003821	7.642002
0.97	0.004096	8.191453
0.98	0.004285	8.569963
0.99	0.004554	9.107204
1	0.004755	9.510134
1.01	0.005042	10.084005
1.02	0.00525	10.499145
1.03	0.005543	11.085226
1.04	0.00575	11.500366
1.05	0.006068	12.135287
1.06	0.00633	12.660317
1.07	0.006605	13.209768
1.08	0.006819	13.637118
1.09	0.00716	14.320879
1.1	0.00738	14.76044
1.11	0.007728	15.45641
1.12	0.007972	15.944811
1.13	0.00832	16.640781
1.14	0.008626	17.251282
1.15	0.008931	17.861783
1.16	0.009175	18.350183
1.17	0.009547	19.094994
1.18	0.00981	19.620024
1.19	0.01014	20.279365
1.2	0.010482	20.963126
1.21	0.010866	21.732357
1.22	0.011348	22.695971
1.23	0.011714	23.428571
1.24	0.01202	24.039072
1.25	0.012447	24.893773
1.26	0.012752	25.504274
1.27	0.013179	26.358974
1.28	0.013485	26.969475
1.29	0.013912	27.824176
1.3	0.014217	28.434676
1.31	0.014645	29.289377
1.32	0.01495	29.899878
1.33	0.015438	30.876679
1.34	0.015744	31.487179
1.35	0.016232	32.46398
1.36	0.016537	33.074481
1.37	0.017026	34.051282
1.38	0.017331	34.661783
1.39	0.017819	35.638584
1.4	0.018186	36.371184
1.41	0.018674	37.347985
1.42	0.018979	37.958486
1.43	0.019529	39.057387
1.44	0.019834	39.667888
1.45	0.020322	40.644689
1.46	0.020689	41.377289
1.47	0.021177	42.35409
1.48	0.021543	43.086691
1.49	0.022093	44.185592
1.5	0.022398	44.796093
1.51	0.023009	46.017094
1.52	0.023314	46.627595
1.53	0.023863	47.726496
1.54	0.02423	48.459096
1.55	0.024779	49.557998
1.56	0.025206	50.412698
1.57	0.025695	51.389499
1.58	0.026061	52.1221
1.59	0.026061	52.1221
1.6	0.026366	52.732601
1.61	0.027221	54.442002
1.62	0.027221	54.442002
1.63	0.027221	54.442002
1.64	0.027221	54.442002
1.65	0.027221	54.442002
1.66	0.027221	54.442002
1.67	0.02716	54.319902
1.68	0.02716	54.319902
1.69	0.027221	54.442002
1.7	0.02716	54.319902
1.71	0.02716	54.319902
1.72	0.02716	54.319902
1.73	0.02716	54.319902
1.74	0.02716	54.319902
1.75	0.02716	54.319902
1.76	0.02716	54.319902
1.77	0.02716	54.319902
1.78	0.027099	54.197802
1.79	0.027099	54.197802
1.8	0.027099	54.197802
1.81	0.027099	54.197802
1.82	0.027099	54.197802
1.83	0.027099	54.197802
1.84	0.027099	54.197802
1.85	0.027099	54.197802
1.86	0.027099	54.197802
1.87	0.027099	54.197802
1.88	0.027099	54.197802
1.89	0.027099	54.197802
1.9	0.027099	54.197802
1.91	0.027099	54.197802
1.92	0.027038	54.075702
1.93	0.027038	54.075702
1.94	0.027038	54.075702
1.95	0.027038	54.075702
1.96	0.027038	54.075702
1.97	0.027038	54.075702
1.98	0.027038	54.075702
1.99	0.027038	54.075702
