-0.01	-0.003798	-7.596093
0	-0.003798	-7.596093
0.01	-0.003792	-7.583883
0.02	-0.003798	-7.596093
0.03	-0.003792	-7.583883
0.04	-0.003792	-7.583883
0.05	-0.003786	-7.571673
0.06	-0.003786	-7.571673
0.07	-0.003786	-7.571673
0.08	-0.00378	-7.559463
0.09	-0.00378	-7.559463
0.1	-0.00378	-7.559463
0.11	-0.003774	-7.547253
0.12	-0.003774	-7.547253
0.13	-0.003774	-7.547253
0.14	-0.003768	-7.535043
0.15	-0.003768	-7.535043
0.16	-0.003761	-7.522833
0.17	-0.003761	-7.522833
0.18	-0.003755	-7.510623
0.19	-0.003755	-7.510623
0.2	-0.003749	-7.498413
0.21	-0.003743	-7.486203
0.22	-0.003737	-7.473993
0.23	-0.003737	-7.473993
0.24	-0.003731	-7.461783
0.25	-0.003731	-7.461783
0.26	-0.003725	-7.449573
0.27	-0.003719	-7.437363
0.28	-0.003713	-7.425153
0.29	-0.003706	-7.412943
0.3	-0.0037	-7.400733
0.31	-0.003694	-7.388523
0.32	-0.003694	-7.388523
0.33	-0.003682	-7.364103
0.34	-0.003676	-7.351893
0.35	-0.00367	-7.339683
0.36	-0.003664	-7.327473
0.37	-0.003652	-7.303053
0.38	-0.003639	-7.278632
0.39	-0.003633	-7.266422
0.4	-0.003621	-7.242002
0.41	-0.003603	-7.205372
0.42	-0.00359	-7.180952
0.43	-0.003572	-7.144322
0.44	-0.00356	-7.119902
0.45	-0.003536	-7.071062
0.46	-0.003517	-7.034432
0.47	-0.003487	-6.973382
0.48	-0.003462	-6.924542
0.49	-0.00342	-6.839072
0.5	-0.003383	-6.765812
0.51	-0.003328	-6.655922
0.52	-0.003279	-6.558242
0.53	-0.003206	-6.411722
0.54	-0.003145	-6.289621
0.55	-0.003035	-6.069841
0.56	-0.002925	-5.850061
0.57	-0.002797	-5.593651
0.58	-0.002693	-5.386081
0.59	-0.002492	-4.98315
0.6	-0.002339	-4.6779
0.61	-0.002095	-4.189499
0.62	-0.001887	-3.774359
0.63	-0.00157	-3.139438
0.64	-0.001338	-2.675458
0.65	-0.000972	-1.944704
0.66	-0.000681	-1.361704
0.67	-0.000237	-0.473147
0.68	7.78483E-5	0.155697
0.69	0.000602	1.203743
0.7	0.000976	1.951744
0.71	0.001544	3.087668
0.72	0.001928	3.856899
0.73	0.002557	5.11453
0.74	0.002972	5.944811
0.75	0.00365	7.300122
0.76	0.004114	8.228083
0.77	0.004798	9.595604
0.78	0.005268	10.535775
0.79	0.005982	11.964347
0.8	0.006495	12.989988
0.81	0.007258	14.516239
0.82	0.00774	15.48083
0.83	0.008528	17.055922
0.84	0.009053	18.105983
0.85	0.009841	19.681074
0.86	0.010347	20.694505
0.87	0.011348	22.695971
0.88	0.011897	23.794872
0.89	0.012752	25.504274
0.9	0.013302	26.603175
0.91	0.014095	28.190476
0.92	0.014706	29.411477
0.93	0.015499	30.998779
0.94	0.01611	32.21978
0.95	0.016965	33.929182
0.96	0.017514	35.028083
0.97	0.01843	36.859585
0.98	0.018979	37.958486
0.99	0.019834	39.667888
1	0.020444	40.888889
1.01	0.021299	42.598291
1.02	0.02191	43.819292
1.03	0.022764	45.528694
1.04	0.023375	46.749695
1.05	0.02423	48.459096
1.06	0.024962	49.924298
1.07	0.025695	51.389499
1.08	0.026305	52.610501
1.09	0.026305	52.610501
1.1	0.026977	53.953602
1.11	0.026977	53.953602
1.12	0.026977	53.953602
1.13	0.026977	53.953602
1.14	0.026977	53.953602
1.15	0.026977	53.953602
1.16	0.026977	53.953602
1.17	0.026916	53.831502
1.18	0.026916	53.831502
1.19	0.026916	53.831502
1.2	0.026916	53.831502
1.21	0.026916	53.831502
1.22	0.026916	53.831502
1.23	0.026916	53.831502
1.24	0.026916	53.831502
1.25	0.026855	53.709402
1.26	0.026916	53.831502
1.27	0.026855	53.709402
1.28	0.026855	53.709402
1.29	0.026855	53.709402
1.3	0.026855	53.709402
1.31	0.026855	53.709402
1.32	0.026855	53.709402
1.33	0.026855	53.709402
1.34	0.026794	53.587302
1.35	0.026794	53.587302
1.36	0.026855	53.709402
1.37	0.026855	53.709402
1.38	0.026794	53.587302
1.39	0.026794	53.587302
1.4	0.026794	53.587302
1.41	0.026794	53.587302
1.42	0.026794	53.587302
1.43	0.026794	53.587302
1.44	0.026794	53.587302
1.45	0.026794	53.587302
1.46	0.026794	53.587302
1.47	0.026794	53.587302
1.48	0.026794	53.587302
1.49	0.026794	53.587302
1.5	0.026733	53.465201
1.51	0.026794	53.587302
1.52	0.026794	53.587302
1.53	0.026733	53.465201
1.54	0.026733	53.465201
1.55	0.026794	53.587302
1.56	0.026733	53.465201
1.57	0.026733	53.465201
1.58	0.026733	53.465201
1.59	0.026733	53.465201
1.6	0.026733	53.465201
1.61	0.026733	53.465201
1.62	0.026794	53.587302
1.63	0.026733	53.465201
1.64	0.026733	53.465201
1.65	0.026733	53.465201
1.66	0.026733	53.465201
1.67	0.026733	53.465201
1.68	0.026733	53.465201
1.69	0.026733	53.465201
1.7	0.026733	53.465201
1.71	0.026733	53.465201
1.72	0.026733	53.465201
1.73	0.026733	53.465201
1.74	0.026733	53.465201
1.75	0.026733	53.465201
1.76	0.026733	53.465201
1.77	0.026733	53.465201
1.78	0.026672	53.343101
1.79	0.026733	53.465201
1.8	0.026672	53.343101
1.81	0.026672	53.343101
1.82	0.026733	53.465201
1.83	0.026672	53.343101
1.84	0.026672	53.343101
1.85	0.026672	53.343101
1.86	0.026672	53.343101
1.87	0.026672	53.343101
1.88	0.026672	53.343101
1.89	0.026672	53.343101
1.9	0.026672	53.343101
1.91	0.026672	53.343101
1.92	0.026672	53.343101
1.93	0.026672	53.343101
1.94	0.026672	53.343101
1.95	0.026672	53.343101
1.96	0.026672	53.343101
1.97	0.026672	53.343101
1.98	0.026672	53.343101
1.99	0.026672	53.343101
