-0.01	-0.004445	-8.890354
0	-0.004445	-8.890354
0.01	-0.004445	-8.890354
0.02	-0.004445	-8.890354
0.03	-0.004439	-8.878144
0.04	-0.004439	-8.878144
0.05	-0.004439	-8.878144
0.06	-0.004433	-8.865934
0.07	-0.004439	-8.878144
0.08	-0.004433	-8.865934
0.09	-0.004433	-8.865934
0.1	-0.004433	-8.865934
0.11	-0.004427	-8.853724
0.12	-0.004427	-8.853724
0.13	-0.004421	-8.841514
0.14	-0.004421	-8.841514
0.15	-0.004421	-8.841514
0.16	-0.004421	-8.841514
0.17	-0.004415	-8.829304
0.18	-0.004409	-8.817094
0.19	-0.004409	-8.817094
0.2	-0.004409	-8.817094
0.21	-0.004402	-8.804884
0.22	-0.004402	-8.804884
0.23	-0.004396	-8.792674
0.24	-0.004396	-8.792674
0.25	-0.00439	-8.780464
0.26	-0.004384	-8.768254
0.27	-0.004384	-8.768254
0.28	-0.004378	-8.756044
0.29	-0.004372	-8.743834
0.3	-0.004372	-8.743834
0.31	-0.004366	-8.731624
0.32	-0.00436	-8.719414
0.33	-0.00436	-8.719414
0.34	-0.004354	-8.707204
0.35	-0.004347	-8.694994
0.36	-0.004341	-8.682784
0.37	-0.004335	-8.670574
0.38	-0.004329	-8.658364
0.39	-0.004323	-8.646154
0.4	-0.004317	-8.633944
0.41	-0.004305	-8.609524
0.42	-0.004305	-8.609524
0.43	-0.004293	-8.585104
0.44	-0.004286	-8.572894
0.45	-0.004274	-8.548474
0.46	-0.004268	-8.536264
0.47	-0.004256	-8.511844
0.48	-0.00425	-8.499634
0.49	-0.004238	-8.475214
0.5	-0.004232	-8.463004
0.51	-0.004213	-8.426374
0.52	-0.004207	-8.414164
0.53	-0.004189	-8.377534
0.54	-0.004177	-8.353114
0.55	-0.004158	-8.316484
0.56	-0.00414	-8.279853
0.57	-0.004122	-8.243223
0.58	-0.004109	-8.218803
0.59	-0.004085	-8.169963
0.6	-0.004067	-8.133333
0.61	-0.004036	-8.072283
0.62	-0.004006	-8.011233
0.63	-0.003963	-7.925763
0.64	-0.003932	-7.864713
0.65	-0.003877	-7.754823
0.66	-0.003829	-7.657143
0.67	-0.003749	-7.498413
0.68	-0.003682	-7.364103
0.69	-0.003566	-7.132112
0.7	-0.003474	-6.948962
0.71	-0.003316	-6.631502
0.72	-0.003188	-6.375092
0.73	-0.002962	-5.923321
0.74	-0.002803	-5.605861
0.75	-0.002504	-5.00757
0.76	-0.00229	-4.58022
0.77	-0.001948	-3.896459
0.78	-0.001698	-3.395849
0.79	-0.001301	-2.602198
0.8	-0.001039	-2.077167
0.81	-0.000633	-1.26637
0.82	-0.000358	-0.71637
0.83	6.819273E-5	0.136385
0.84	0.000343	0.686743
0.85	0.000755	1.509299
0.86	0.001033	2.066633
0.87	0.001416	2.831258
0.88	0.001648	3.295238
0.89	0.001989	3.978999
0.9	0.002203	4.406349
0.91	0.002515	5.02906
0.92	0.00271	5.41978
0.93	0.003015	6.030281
0.94	0.003211	6.421001
0.95	0.003497	6.994872
0.96	0.003687	7.373382
0.97	0.00398	7.959463
0.98	0.004175	8.350183
0.99	0.004474	8.948474
1	0.004694	9.388034
1.01	0.004993	9.986325
1.02	0.005207	10.413675
1.03	0.005518	11.036386
1.04	0.00575	11.500366
1.05	0.006074	12.147497
1.06	0.006348	12.696947
1.07	0.006635	13.270818
1.08	0.00688	13.759219
1.09	0.007228	14.455189
1.1	0.00746	14.91917
1.11	0.007838	15.67619
1.12	0.008076	16.152381
1.13	0.008442	16.884982
1.14	0.00876	17.519902
1.15	0.009084	18.167033
1.16	0.009334	18.667643
1.17	0.009743	19.485714
1.18	0.010011	20.022955
1.19	0.010347	20.694505
1.2	0.010695	21.390476
1.21	0.011348	22.695971
1.22	0.011653	23.306471
1.23	0.01202	24.039072
1.24	0.012325	24.649573
1.25	0.012752	25.504274
1.26	0.013057	26.114774
1.27	0.013485	26.969475
1.28	0.013851	27.702076
1.29	0.014278	28.556777
1.3	0.014584	29.167277
1.31	0.015011	30.021978
1.32	0.015377	30.754579
1.33	0.015866	31.73138
1.34	0.016171	32.34188
1.35	0.016659	33.318681
1.36	0.016965	33.929182
1.37	0.017514	35.028083
1.38	0.017819	35.638584
1.39	0.018308	36.615385
1.4	0.018674	37.347985
1.41	0.019162	38.324786
1.42	0.019529	39.057387
1.43	0.020017	40.034188
1.44	0.020383	40.766789
1.45	0.020872	41.74359
1.46	0.021238	42.47619
1.47	0.021788	43.575092
1.48	0.022154	44.307692
1.49	0.022703	45.406593
1.5	0.023009	46.017094
1.51	0.023558	47.115995
1.52	0.023985	47.970696
1.53	0.024535	49.069597
1.54	0.024901	49.802198
1.55	0.025451	50.901099
1.56	0.025878	51.7558
1.57	0.025756	51.5116
1.58	0.026061	52.1221
1.59	0.027038	54.075702
1.6	0.026977	53.953602
1.61	0.026977	53.953602
1.62	0.026977	53.953602
1.63	0.026977	53.953602
1.64	0.026977	53.953602
1.65	0.026977	53.953602
1.66	0.026977	53.953602
1.67	0.026977	53.953602
1.68	0.026916	53.831502
1.69	0.026916	53.831502
1.7	0.026916	53.831502
1.71	0.026916	53.831502
1.72	0.026916	53.831502
1.73	0.026916	53.831502
1.74	0.026916	53.831502
1.75	0.026916	53.831502
1.76	0.026916	53.831502
1.77	0.026916	53.831502
1.78	0.026916	53.831502
1.79	0.026916	53.831502
1.8	0.026855	53.709402
1.81	0.026916	53.831502
1.82	0.026855	53.709402
1.83	0.026855	53.709402
1.84	0.026855	53.709402
1.85	0.026855	53.709402
1.86	0.026855	53.709402
1.87	0.026855	53.709402
1.88	0.026855	53.709402
1.89	0.026855	53.709402
1.9	0.026855	53.709402
1.91	0.026855	53.709402
1.92	0.026855	53.709402
1.93	0.026855	53.709402
1.94	0.026855	53.709402
1.95	0.026855	53.709402
1.96	0.026855	53.709402
1.97	0.026794	53.587302
1.98	0.026794	53.587302
1.99	0.026794	53.587302
