-0.01	-0.00508	-10.160195
0	-0.00508	-10.160195
0.01	-0.00508	-10.160195
0.02	-0.00508	-10.160195
0.03	-0.00508	-10.160195
0.04	-0.005074	-10.147985
0.05	-0.005074	-10.147985
0.06	-0.005074	-10.147985
0.07	-0.005074	-10.147985
0.08	-0.005068	-10.135775
0.09	-0.005068	-10.135775
0.1	-0.005062	-10.123565
0.11	-0.005062	-10.123565
0.12	-0.005062	-10.123565
0.13	-0.005056	-10.111355
0.14	-0.005056	-10.111355
0.15	-0.00505	-10.099145
0.16	-0.00505	-10.099145
0.17	-0.00505	-10.099145
0.18	-0.005043	-10.086935
0.19	-0.005043	-10.086935
0.2	-0.005037	-10.074725
0.21	-0.005031	-10.062515
0.22	-0.005031	-10.062515
0.23	-0.005025	-10.050305
0.24	-0.005025	-10.050305
0.25	-0.005013	-10.025885
0.26	-0.005013	-10.025885
0.27	-0.005007	-10.013675
0.28	-0.005001	-10.001465
0.29	-0.005001	-10.001465
0.3	-0.004995	-9.989255
0.31	-0.004989	-9.977045
0.32	-0.004982	-9.964835
0.33	-0.004976	-9.952625
0.34	-0.00497	-9.940415
0.35	-0.004964	-9.928205
0.36	-0.004958	-9.915995
0.37	-0.004946	-9.891575
0.38	-0.004946	-9.891575
0.39	-0.004934	-9.867155
0.4	-0.004927	-9.854945
0.41	-0.004921	-9.842735
0.42	-0.004909	-9.818315
0.43	-0.004897	-9.793895
0.44	-0.004891	-9.781685
0.45	-0.004879	-9.757265
0.46	-0.004873	-9.745055
0.47	-0.004854	-9.708425
0.48	-0.004848	-9.696215
0.49	-0.00483	-9.659585
0.5	-0.004818	-9.635165
0.51	-0.004805	-9.610745
0.52	-0.004793	-9.586325
0.53	-0.004775	-9.549695
0.54	-0.004757	-9.513065
0.55	-0.004732	-9.464225
0.56	-0.004708	-9.415385
0.57	-0.004689	-9.378755
0.58	-0.004665	-9.329915
0.59	-0.004628	-9.256654
0.6	-0.004604	-9.207814
0.61	-0.004555	-9.110134
0.62	-0.004518	-9.036874
0.63	-0.004457	-8.914774
0.64	-0.004409	-8.817094
0.65	-0.004317	-8.633944
0.66	-0.00425	-8.499634
0.67	-0.004128	-8.255433
0.68	-0.00403	-8.060073
0.69	-0.003859	-7.718193
0.7	-0.003725	-7.449573
0.71	-0.003493	-6.985592
0.72	-0.003316	-6.631502
0.73	-0.003017	-6.033211
0.74	-0.002797	-5.593651
0.75	-0.002431	-4.86105
0.76	-0.002174	-4.34823
0.77	-0.001747	-3.493529
0.78	-0.001442	-2.883028
0.79	-0.00102	-2.040038
0.8	-0.000681	-1.361704
0.81	-0.00018	-0.360703
0.82	0.000156	0.312743
0.83	0.000655	1.310077
0.84	0.000994	1.987189
0.85	0.001483	2.965568
0.86	0.001819	3.637118
0.87	0.002325	4.650549
0.88	0.0026	5.2
0.89	0.00307	6.140171
0.9	0.003388	6.775092
0.91	0.003821	7.642002
0.92	0.00409	8.179243
0.93	0.004493	8.985104
0.94	0.004761	9.522344
0.95	0.005158	10.315995
0.96	0.005402	10.804396
0.97	0.005793	11.585836
0.98	0.006049	12.098657
0.99	0.00641	12.819048
1	0.00669	13.380708
1.01	0.007075	14.149939
1.02	0.007319	14.638339
1.03	0.007722	15.4442
1.04	0.007985	15.969231
1.05	0.008369	16.738462
1.06	0.008723	17.446642
1.07	0.009059	18.118193
1.08	0.00934	18.679853
1.09	0.009737	19.473504
1.1	0.010036	20.071795
1.11	0.010469	20.938706
1.12	0.010744	21.488156
1.13	0.011409	22.818071
1.14	0.011775	23.550672
1.15	0.012142	24.283272
1.16	0.012447	24.893773
1.17	0.012874	25.748474
1.18	0.013179	26.358974
1.19	0.013607	27.213675
1.2	0.013973	27.946276
1.21	0.014462	28.923077
1.22	0.014828	29.655678
1.23	0.015255	30.510379
1.24	0.015621	31.242979
1.25	0.01611	32.21978
1.26	0.016476	32.952381
1.27	0.016965	33.929182
1.28	0.01727	34.539683
1.29	0.017819	35.638584
1.3	0.018125	36.249084
1.31	0.018674	37.347985
1.32	0.01904	38.080586
1.33	0.019529	39.057387
1.34	0.019895	39.789988
1.35	0.020444	40.888889
1.36	0.020811	41.62149
1.37	0.02136	42.720391
1.38	0.021726	43.452991
1.39	0.022276	44.551893
1.4	0.022642	45.284493
1.41	0.023192	46.383394
1.42	0.023619	47.238095
1.43	0.024107	48.214896
1.44	0.024535	49.069597
1.45	0.025084	50.168498
1.46	0.025451	50.901099
1.47	0.026061	52.1221
1.48	0.025817	51.6337
1.49	0.026366	52.732601
1.5	0.026916	53.831502
1.51	0.026916	53.831502
1.52	0.026916	53.831502
1.53	0.026916	53.831502
1.54	0.026916	53.831502
1.55	0.026855	53.709402
1.56	0.026916	53.831502
1.57	0.026916	53.831502
1.58	0.026916	53.831502
1.59	0.026855	53.709402
1.6	0.026855	53.709402
1.61	0.026855	53.709402
1.62	0.026855	53.709402
1.63	0.026855	53.709402
1.64	0.026855	53.709402
1.65	0.026855	53.709402
1.66	0.026855	53.709402
1.67	0.026855	53.709402
1.68	0.026855	53.709402
1.69	0.026855	53.709402
1.7	0.026794	53.587302
1.71	0.026794	53.587302
1.72	0.026794	53.587302
1.73	0.026855	53.709402
1.74	0.026794	53.587302
1.75	0.026794	53.587302
1.76	0.026794	53.587302
1.77	0.026855	53.709402
1.78	0.026794	53.587302
1.79	0.026794	53.587302
1.8	0.026794	53.587302
1.81	0.026794	53.587302
1.82	0.026794	53.587302
1.83	0.026794	53.587302
1.84	0.026794	53.587302
1.85	0.026794	53.587302
1.86	0.026794	53.587302
1.87	0.026794	53.587302
1.88	0.026794	53.587302
1.89	0.026733	53.465201
1.9	0.026733	53.465201
1.91	0.026794	53.587302
1.92	0.026794	53.587302
1.93	0.026733	53.465201
1.94	0.026733	53.465201
1.95	0.026733	53.465201
1.96	0.026733	53.465201
1.97	0.026733	53.465201
1.98	0.026733	53.465201
1.99	0.026733	53.465201
