-0.01	-0.003749	-7.498413
0	-0.003755	-7.510623
0.01	-0.003749	-7.498413
0.02	-0.003749	-7.498413
0.03	-0.003749	-7.498413
0.04	-0.003749	-7.498413
0.05	-0.003743	-7.486203
0.06	-0.003743	-7.486203
0.07	-0.003743	-7.486203
0.08	-0.003743	-7.486203
0.09	-0.003737	-7.473993
0.1	-0.003743	-7.486203
0.11	-0.003737	-7.473993
0.12	-0.003737	-7.473993
0.13	-0.003737	-7.473993
0.14	-0.003737	-7.473993
0.15	-0.003731	-7.461783
0.16	-0.003731	-7.461783
0.17	-0.003725	-7.449573
0.18	-0.003725	-7.449573
0.19	-0.003719	-7.437363
0.2	-0.003719	-7.437363
0.21	-0.003719	-7.437363
0.22	-0.003713	-7.425153
0.23	-0.003713	-7.425153
0.24	-0.003706	-7.412943
0.25	-0.0037	-7.400733
0.26	-0.0037	-7.400733
0.27	-0.0037	-7.400733
0.28	-0.003694	-7.388523
0.29	-0.003694	-7.388523
0.3	-0.003688	-7.376313
0.31	-0.003682	-7.364103
0.32	-0.003682	-7.364103
0.33	-0.003676	-7.351893
0.34	-0.00367	-7.339683
0.35	-0.00367	-7.339683
0.36	-0.003664	-7.327473
0.37	-0.003658	-7.315263
0.38	-0.003652	-7.303053
0.39	-0.003645	-7.290842
0.4	-0.003639	-7.278632
0.41	-0.003633	-7.266422
0.42	-0.003627	-7.254212
0.43	-0.003615	-7.229792
0.44	-0.003615	-7.229792
0.45	-0.003603	-7.205372
0.46	-0.003597	-7.193162
0.47	-0.003584	-7.168742
0.48	-0.003578	-7.156532
0.49	-0.003572	-7.144322
0.5	-0.00356	-7.119902
0.51	-0.003554	-7.107692
0.52	-0.003548	-7.095482
0.53	-0.003529	-7.058852
0.54	-0.003517	-7.034432
0.55	-0.003511	-7.022222
0.56	-0.003499	-6.997802
0.57	-0.003487	-6.973382
0.58	-0.003474	-6.948962
0.59	-0.003456	-6.912332
0.6	-0.003444	-6.887912
0.61	-0.003426	-6.851282
0.62	-0.003413	-6.826862
0.63	-0.003389	-6.778022
0.64	-0.003377	-6.753602
0.65	-0.003346	-6.692552
0.66	-0.003328	-6.655922
0.67	-0.003297	-6.594872
0.68	-0.003267	-6.533822
0.69	-0.003218	-6.436142
0.7	-0.003181	-6.362882
0.71	-0.003114	-6.228571
0.72	-0.003059	-6.118681
0.73	-0.002956	-5.911111
0.74	-0.00287	-5.740171
0.75	-0.002717	-5.434921
0.76	-0.002601	-5.20293
0.77	-0.002388	-4.77558
0.78	-0.002223	-4.44591
0.79	-0.00196	-3.920879
0.8	-0.001765	-3.530159
0.81	-0.00146	-2.919658
0.82	-0.001252	-2.504518
0.83	-0.000959	-1.917815
0.84	-0.000774	-1.547482
0.85	-0.000501	-1.001148
0.86	-0.000347	-0.693147
0.87	-0.000152	-0.30448
0.88	-5.39685E-5	-0.107937
0.89	6.752051E-5	0.135041
0.9	0.000131	0.261409
0.91	0.000208	0.416632
0.92	0.000257	0.514409
0.93	0.000327	0.653743
0.94	0.000373	0.74541
0.95	0.000447	0.894521
0.96	0.0005	0.999632
0.97	0.000583	1.165854
0.98	0.000642	1.283188
0.99	0.000734	1.467744
1	0.0008	1.599744
1.01	0.000905	1.809966
1.02	0.000977	1.954189
1.03	0.001089	2.177856
1.04	0.001165	2.330647
1.05	0.001281	2.562637
1.06	0.001391	2.782418
1.07	0.001507	3.014408
1.08	0.001599	3.197558
1.09	0.001745	3.490598
1.1	0.001837	3.673748
1.11	0.001989	3.978999
1.12	0.002099	4.198779
1.13	0.002258	4.516239
1.14	0.002411	4.82149
1.15	0.002545	5.09011
1.16	0.002673	5.34652
1.17	0.002856	5.712821
1.18	0.002979	5.957021
1.19	0.003143	6.286691
1.2	0.003308	6.616361
1.21	0.003516	7.031502
1.22	0.003656	7.312332
1.23	0.003864	7.727473
1.24	0.004022	8.044933
1.25	0.004242	8.484493
1.26	0.004401	8.801954
1.27	0.004633	9.265934
1.28	0.00481	9.620024
1.29	0.005042	10.084005
1.3	0.005213	10.425885
1.31	0.005469	10.938706
1.32	0.005653	11.305006
1.33	0.005909	11.817827
1.34	0.006098	12.196337
1.35	0.006385	12.770208
1.36	0.006562	13.124298
1.37	0.006843	13.685958
1.38	0.007038	14.076679
1.39	0.007344	14.687179
1.4	0.007545	15.09011
1.41	0.00785	15.700611
1.42	0.008064	16.127961
1.43	0.008369	16.738462
1.44	0.008589	17.178022
1.45	0.008919	17.837363
1.46	0.009138	18.276923
1.47	0.009468	18.936264
1.48	0.009688	19.375824
1.49	0.010048	20.096215
1.5	0.010274	20.547985
1.51	0.010628	21.256166
1.52	0.010878	21.756777
1.53	0.011409	22.818071
1.54	0.011653	23.306471
1.55	0.01202	24.039072
1.56	0.012386	24.771673
1.57	0.012691	25.382173
1.58	0.012996	25.992674
1.59	0.013363	26.725275
1.6	0.013607	27.213675
1.61	0.014034	28.068376
1.62	0.014278	28.556777
1.63	0.014706	29.411477
1.64	0.015072	30.144078
1.65	0.015438	30.876679
1.66	0.015683	31.365079
1.67	0.01611	32.21978
1.68	0.016415	32.830281
1.69	0.016781	33.562882
1.7	0.017148	34.295482
1.71	0.017636	35.272283
1.72	0.01788	35.760684
1.73	0.018369	36.737485
1.74	0.018674	37.347985
1.75	0.019101	38.202686
1.76	0.019407	38.813187
1.77	0.019895	39.789988
1.78	0.020261	40.522589
1.79	0.02075	41.499389
1.8	0.021055	42.10989
1.81	0.021543	43.086691
1.82	0.021849	43.697192
1.83	0.022337	44.673993
1.84	0.022703	45.406593
1.85	0.023192	46.383394
1.86	0.023497	46.993895
1.87	0.024046	48.092796
1.88	0.024352	48.703297
1.89	0.024901	49.802198
1.9	0.025267	50.534799
1.91	0.025756	51.5116
1.92	0.026122	52.2442
1.93	0.026122	52.2442
1.94	0.026366	52.732601
1.95	0.02716	54.319902
1.96	0.02716	54.319902
1.97	0.02716	54.319902
1.98	0.02716	54.319902
1.99	0.027099	54.197802
