-0.01	-0.000793	-1.586593
0	-0.000793	-1.58537
0.01	-0.000793	-1.586593
0.02	-0.000792	-1.584148
0.03	-0.000792	-1.584148
0.04	-0.000791	-1.581704
0.05	-0.000792	-1.584148
0.06	-0.000791	-1.582926
0.07	-0.00079	-1.580482
0.08	-0.000791	-1.581704
0.09	-0.00079	-1.579259
0.1	-0.00079	-1.579259
0.11	-0.000789	-1.578037
0.12	-0.000788	-1.576815
0.13	-0.000787	-1.57437
0.14	-0.000787	-1.57437
0.15	-0.000786	-1.571926
0.16	-0.000786	-1.571926
0.17	-0.000785	-1.570704
0.18	-0.000784	-1.567037
0.19	-0.000784	-1.567037
0.2	-0.000784	-1.567037
0.21	-0.000782	-1.56337
0.22	-0.00078	-1.560926
0.23	-0.00078	-1.560926
0.24	-0.000779	-1.557259
0.25	-0.000778	-1.556037
0.26	-0.000777	-1.553593
0.27	-0.000776	-1.551148
0.28	-0.000775	-1.549926
0.29	-0.000773	-1.546259
0.3	-0.000774	-1.547482
0.31	-0.000772	-1.543815
0.32	-0.000771	-1.54137
0.33	-0.000769	-1.537704
0.34	-0.000768	-1.535259
0.35	-0.000766	-1.532815
0.36	-0.000766	-1.531593
0.37	-0.000763	-1.526704
0.38	-0.000762	-1.524259
0.39	-0.00076	-1.520593
0.4	-0.000759	-1.518148
0.41	-0.000757	-1.514482
0.42	-0.000754	-1.50837
0.43	-0.000752	-1.503482
0.44	-0.00075	-1.499815
0.45	-0.000747	-1.493704
0.46	-0.000744	-1.488815
0.47	-0.000741	-1.481481
0.48	-0.000736	-1.472926
0.49	-0.000732	-1.46437
0.5	-0.000729	-1.458259
0.51	-0.000722	-1.443593
0.52	-0.000717	-1.433815
0.53	-0.000709	-1.417926
0.54	-0.000702	-1.403259
0.55	-0.000688	-1.37637
0.56	-0.000675	-1.350704
0.57	-0.000659	-1.317704
0.58	-0.000645	-1.290815
0.59	-0.000617	-1.234592
0.6	-0.000595	-1.18937
0.61	-0.000552	-1.103814
0.62	-0.00052	-1.039037
0.63	-0.000453	-0.905814
0.64	-0.000402	-0.803147
0.65	-0.00031	-0.619814
0.66	-0.000234	-0.467036
0.67	-0.000103	-0.206082
0.68	-1.071205E-6	-0.002142
0.69	0.000192	0.384854
0.7	0.000342	0.683076
0.71	0.000602	1.203743
0.72	0.0008	1.599744
0.73	0.001129	2.257387
0.74	0.001361	2.721368
0.75	0.001788	3.576068
0.76	0.002081	4.162149
0.77	0.002551	5.10232
0.78	0.002887	5.773871
0.79	0.003424	6.848352
0.8	0.003797	7.593162
0.81	0.004395	8.789744
0.82	0.004779	9.558974
0.83	0.005433	10.865446
0.84	0.005866	11.732357
0.85	0.006513	13.026618
0.86	0.006977	13.954579
0.87	0.007692	15.38315
0.88	0.008137	16.274481
0.89	0.008839	17.678632
0.9	0.00934	18.679853
0.91	0.01006	20.120635
0.92	0.010537	21.073016
0.93	0.01147	22.940171
0.94	0.01202	24.039072
0.95	0.012752	25.504274
0.96	0.013241	26.481074
0.97	0.014034	28.068376
0.98	0.014523	29.045177
0.99	0.015316	30.632479
1	0.015805	31.60928
1.01	0.016598	33.196581
1.02	0.017148	34.295482
1.03	0.01788	35.760684
1.04	0.01843	36.859585
1.05	0.019162	38.324786
1.06	0.019773	39.545788
1.07	0.020444	40.888889
1.08	0.020933	41.86569
1.09	0.021726	43.452991
1.1	0.022215	44.429792
1.11	0.022947	45.894994
1.12	0.023436	46.871795
1.13	0.02423	48.459096
1.14	0.024901	49.802198
1.15	0.025512	51.023199
1.16	0.026	52
1.17	0.026	52
1.18	0.026366	52.732601
1.19	0.027282	54.564103
1.2	0.027221	54.442002
1.21	0.027221	54.442002
1.22	0.027221	54.442002
1.23	0.027221	54.442002
1.24	0.027221	54.442002
1.25	0.02716	54.319902
1.26	0.027221	54.442002
1.27	0.027221	54.442002
1.28	0.02716	54.319902
1.29	0.02716	54.319902
1.3	0.02716	54.319902
1.31	0.02716	54.319902
1.32	0.02716	54.319902
1.33	0.02716	54.319902
1.34	0.02716	54.319902
1.35	0.027099	54.197802
1.36	0.027099	54.197802
1.37	0.027099	54.197802
1.38	0.027099	54.197802
1.39	0.027099	54.197802
1.4	0.027099	54.197802
1.41	0.027099	54.197802
1.42	0.027099	54.197802
1.43	0.027099	54.197802
1.44	0.027099	54.197802
1.45	0.027099	54.197802
1.46	0.027099	54.197802
1.47	0.027099	54.197802
1.48	0.027038	54.075702
1.49	0.027038	54.075702
1.5	0.027038	54.075702
1.51	0.027038	54.075702
1.52	0.027038	54.075702
1.53	0.027038	54.075702
1.54	0.027038	54.075702
1.55	0.027038	54.075702
1.56	0.027038	54.075702
1.57	0.027038	54.075702
1.58	0.027038	54.075702
1.59	0.027038	54.075702
1.6	0.027038	54.075702
1.61	0.027038	54.075702
1.62	0.027038	54.075702
1.63	0.026977	53.953602
1.64	0.026977	53.953602
1.65	0.026977	53.953602
1.66	0.026977	53.953602
1.67	0.026977	53.953602
1.68	0.027038	54.075702
1.69	0.026977	53.953602
1.7	0.026977	53.953602
1.71	0.026977	53.953602
1.72	0.026977	53.953602
1.73	0.026977	53.953602
1.74	0.026977	53.953602
1.75	0.026977	53.953602
1.76	0.026977	53.953602
1.77	0.026977	53.953602
1.78	0.026977	53.953602
1.79	0.026977	53.953602
1.8	0.026916	53.831502
1.81	0.026977	53.953602
1.82	0.026977	53.953602
1.83	0.026977	53.953602
1.84	0.026977	53.953602
1.85	0.026916	53.831502
1.86	0.026916	53.831502
1.87	0.026916	53.831502
1.88	0.026916	53.831502
1.89	0.026916	53.831502
1.9	0.026977	53.953602
1.91	0.026916	53.831502
1.92	0.026916	53.831502
1.93	0.026916	53.831502
1.94	0.026916	53.831502
1.95	0.026916	53.831502
1.96	0.026916	53.831502
1.97	0.026916	53.831502
1.98	0.026916	53.831502
1.99	0.026916	53.831502
