-0.01	-0.00157	-3.139438
0	-0.00157	-3.139438
0.01	-0.00157	-3.139438
0.02	-0.00157	-3.139438
0.03	-0.00157	-3.139438
0.04	-0.00157	-3.139438
0.05	-0.00157	-3.139438
0.06	-0.001564	-3.127228
0.07	-0.001564	-3.127228
0.08	-0.00157	-3.139438
0.09	-0.001564	-3.127228
0.1	-0.001564	-3.127228
0.11	-0.001564	-3.127228
0.12	-0.001564	-3.127228
0.13	-0.001564	-3.127228
0.14	-0.001564	-3.127228
0.15	-0.001564	-3.127228
0.16	-0.001564	-3.127228
0.17	-0.001564	-3.127228
0.18	-0.001558	-3.115018
0.19	-0.001558	-3.115018
0.2	-0.001558	-3.115018
0.21	-0.001558	-3.115018
0.22	-0.001558	-3.115018
0.23	-0.001551	-3.102808
0.24	-0.001558	-3.115018
0.25	-0.001551	-3.102808
0.26	-0.001551	-3.102808
0.27	-0.001551	-3.102808
0.28	-0.001545	-3.090598
0.29	-0.001551	-3.102808
0.3	-0.001545	-3.090598
0.31	-0.001545	-3.090598
0.32	-0.001545	-3.090598
0.33	-0.001539	-3.078388
0.34	-0.001539	-3.078388
0.35	-0.001539	-3.078388
0.36	-0.001539	-3.078388
0.37	-0.001533	-3.066178
0.38	-0.001533	-3.066178
0.39	-0.001533	-3.066178
0.4	-0.001527	-3.053968
0.41	-0.001527	-3.053968
0.42	-0.001527	-3.053968
0.43	-0.001521	-3.041758
0.44	-0.001521	-3.041758
0.45	-0.001515	-3.029548
0.46	-0.001515	-3.029548
0.47	-0.001509	-3.017338
0.48	-0.001509	-3.017338
0.49	-0.001503	-3.005128
0.5	-0.001503	-3.005128
0.51	-0.001496	-2.992918
0.52	-0.00149	-2.980708
0.53	-0.00149	-2.980708
0.54	-0.001484	-2.968498
0.55	-0.001478	-2.956288
0.56	-0.001472	-2.944078
0.57	-0.001466	-2.931868
0.58	-0.001454	-2.907448
0.59	-0.001448	-2.895238
0.6	-0.001442	-2.883028
0.61	-0.001429	-2.858608
0.62	-0.001417	-2.834188
0.63	-0.001399	-2.797558
0.64	-0.001387	-2.773138
0.65	-0.001362	-2.724298
0.66	-0.001338	-2.675458
0.67	-0.001301	-2.602198
0.68	-0.001271	-2.541148
0.69	-0.001216	-2.431258
0.7	-0.001167	-2.333578
0.71	-0.001081	-2.162637
0.72	-0.001014	-2.028327
0.73	-0.000903	-1.805371
0.74	-0.000802	-1.603704
0.75	-0.00062	-1.240703
0.76	-0.000482	-0.964481
0.77	-0.000242	-0.484147
0.78	-6.289073E-5	-0.125781
0.79	0.00023	0.460632
0.8	0.000438	0.876188
0.81	0.000793	1.586299
0.82	0.001027	2.053189
0.83	0.001416	2.831258
0.84	0.00166	3.319658
0.85	0.002057	4.113309
0.86	0.002313	4.626129
0.87	0.002728	5.45641
0.88	0.002979	5.957021
0.89	0.003357	6.714042
0.9	0.003601	7.202442
0.91	0.003974	7.947253
0.92	0.004212	8.423443
0.93	0.00456	9.119414
0.94	0.004798	9.595604
0.95	0.005146	10.291575
0.96	0.005378	10.755556
0.97	0.005732	11.463736
0.98	0.00597	11.939927
0.99	0.006306	12.611477
1	0.006556	13.112088
1.01	0.006916	13.832479
1.02	0.00716	14.320879
1.03	0.007533	15.06569
1.04	0.007771	15.54188
1.05	0.008156	16.311111
1.06	0.008473	16.946032
1.07	0.008797	17.593162
1.08	0.009065	18.130403
1.09	0.009462	18.924054
1.1	0.009718	19.436874
1.11	0.010134	20.267155
1.12	0.010408	20.816606
1.13	0.010811	21.622466
1.14	0.011409	22.818071
1.15	0.011775	23.550672
1.16	0.01202	24.039072
1.17	0.012447	24.893773
1.18	0.012752	25.504274
1.19	0.013118	26.236874
1.2	0.013546	27.091575
1.21	0.013973	27.946276
1.22	0.014278	28.556777
1.23	0.014767	29.533578
1.24	0.015072	30.144078
1.25	0.015499	30.998779
1.26	0.015866	31.73138
1.27	0.016354	32.708181
1.28	0.016659	33.318681
1.29	0.017209	34.417582
1.3	0.017514	35.028083
1.31	0.018002	36.004884
1.32	0.018369	36.737485
1.33	0.018918	37.836386
1.34	0.019223	38.446886
1.35	0.019712	39.423687
1.36	0.020078	40.156288
1.37	0.020628	41.255189
1.38	0.020933	41.86569
1.39	0.021482	42.964591
1.4	0.021849	43.697192
1.41	0.022398	44.796093
1.42	0.022764	45.528694
1.43	0.023314	46.627595
1.44	0.02368	47.360195
1.45	0.02423	48.459096
1.46	0.024657	49.313797
1.47	0.025206	50.412698
1.48	0.025573	51.145299
1.49	0.026122	52.2442
1.5	0.025939	51.8779
1.51	0.026427	52.854701
1.52	0.02716	54.319902
1.53	0.02716	54.319902
1.54	0.027099	54.197802
1.55	0.02716	54.319902
1.56	0.027099	54.197802
1.57	0.027099	54.197802
1.58	0.027099	54.197802
1.59	0.02716	54.319902
1.6	0.027099	54.197802
1.61	0.027099	54.197802
1.62	0.027099	54.197802
1.63	0.027099	54.197802
1.64	0.027038	54.075702
1.65	0.027038	54.075702
1.66	0.027099	54.197802
1.67	0.027038	54.075702
1.68	0.027038	54.075702
1.69	0.027038	54.075702
1.7	0.027038	54.075702
1.71	0.027038	54.075702
1.72	0.027038	54.075702
1.73	0.027038	54.075702
1.74	0.027038	54.075702
1.75	0.027038	54.075702
1.76	0.027038	54.075702
1.77	0.027038	54.075702
1.78	0.027038	54.075702
1.79	0.027038	54.075702
1.8	0.027038	54.075702
1.81	0.026977	53.953602
1.82	0.027038	54.075702
1.83	0.026977	53.953602
1.84	0.026977	53.953602
1.85	0.026977	53.953602
1.86	0.026977	53.953602
1.87	0.027038	54.075702
1.88	0.026977	53.953602
1.89	0.026977	53.953602
1.9	0.026977	53.953602
1.91	0.026977	53.953602
1.92	0.026977	53.953602
1.93	0.026977	53.953602
1.94	0.026977	53.953602
1.95	0.026977	53.953602
1.96	0.026977	53.953602
1.97	0.026977	53.953602
1.98	0.026916	53.831502
1.99	0.026916	53.831502
