-0.01	-0.000797	-1.593926
0	-0.000796	-1.591482
0.01	-0.000795	-1.590259
0.02	-0.000793	-1.586593
0.03	-0.000793	-1.58537
0.04	-0.000791	-1.582926
0.05	-0.000791	-1.581704
0.06	-0.000791	-1.581704
0.07	-0.00079	-1.579259
0.08	-0.000788	-1.575593
0.09	-0.000786	-1.571926
0.1	-0.000786	-1.571926
0.11	-0.000784	-1.568259
0.12	-0.000784	-1.567037
0.13	-0.00078	-1.560926
0.14	-0.00078	-1.560926
0.15	-0.000779	-1.557259
0.16	-0.000777	-1.554815
0.17	-0.000776	-1.551148
0.18	-0.000774	-1.548704
0.19	-0.000772	-1.543815
0.2	-0.000771	-1.54137
0.21	-0.000768	-1.536482
0.22	-0.000767	-1.534037
0.23	-0.000764	-1.527926
0.24	-0.000762	-1.523037
0.25	-0.000761	-1.521815
0.26	-0.000758	-1.516926
0.27	-0.000755	-1.509593
0.28	-0.000752	-1.504704
0.29	-0.000748	-1.496148
0.3	-0.000746	-1.492481
0.31	-0.000742	-1.483926
0.32	-0.000738	-1.476593
0.33	-0.000733	-1.466815
0.34	-0.000729	-1.457037
0.35	-0.000722	-1.444815
0.36	-0.000717	-1.433815
0.37	-0.000708	-1.415481
0.38	-0.0007	-1.399593
0.39	-0.000687	-1.373926
0.4	-0.000678	-1.355592
0.41	-0.00066	-1.320148
0.42	-0.000647	-1.293259
0.43	-0.000622	-1.243148
0.44	-0.000602	-1.204037
0.45	-0.000565	-1.130703
0.46	-0.000538	-1.075703
0.47	-0.000488	-0.976703
0.48	-0.000449	-0.897259
0.49	-0.000372	-0.743259
0.5	-0.000316	-0.632036
0.51	-0.000216	-0.431592
0.52	-0.000136	-0.27148
0.53	-8.029018E-6	-0.016058
0.54	9.929832E-5	0.198597
0.55	0.00029	0.579187
0.56	0.000471	0.942188
0.57	0.000675	1.35041
0.58	0.000858	1.715855
0.59	0.001171	2.342857
0.6	0.001391	2.782418
0.61	0.001751	3.502808
0.62	0.002032	4.064469
0.63	0.002472	4.94359
0.64	0.002759	5.51746
0.65	0.003284	6.567521
0.66	0.00362	7.239072
0.67	0.004169	8.337973
0.68	0.004541	9.082784
0.69	0.005146	10.291575
0.7	0.005561	11.121856
0.71	0.006196	12.391697
0.72	0.006617	13.234188
0.73	0.007295	14.589499
0.74	0.007753	15.50525
0.75	0.008461	16.921612
0.76	0.008949	17.898413
0.77	0.009682	19.363614
0.78	0.010146	20.291575
0.79	0.010903	21.805617
0.8	0.011592	23.184371
0.81	0.012386	24.771673
0.82	0.012935	25.870574
0.83	0.013729	27.457875
0.84	0.014217	28.434676
0.85	0.015011	30.021978
0.86	0.01556	31.120879
0.87	0.016415	32.830281
0.88	0.016965	33.929182
0.89	0.017758	35.516484
0.9	0.018308	36.615385
0.91	0.019162	38.324786
0.92	0.019712	39.423687
0.93	0.020567	41.133089
0.94	0.021116	42.23199
0.95	0.021971	43.941392
0.96	0.02252	45.040293
0.97	0.023375	46.749695
0.98	0.023924	47.848596
0.99	0.02484	49.680098
1	0.025389	50.778999
1.01	0.026244	52.4884
1.02	0.026122	52.2442
1.03	0.027221	54.442002
1.04	0.027221	54.442002
1.05	0.027221	54.442002
1.06	0.027221	54.442002
1.07	0.027221	54.442002
1.08	0.02716	54.319902
1.09	0.02716	54.319902
1.1	0.02716	54.319902
1.11	0.02716	54.319902
1.12	0.02716	54.319902
1.13	0.02716	54.319902
1.14	0.027099	54.197802
1.15	0.02716	54.319902
1.16	0.02716	54.319902
1.17	0.027099	54.197802
1.18	0.027099	54.197802
1.19	0.027099	54.197802
1.2	0.027099	54.197802
1.21	0.027099	54.197802
1.22	0.027099	54.197802
1.23	0.027099	54.197802
1.24	0.027099	54.197802
1.25	0.027099	54.197802
1.26	0.027099	54.197802
1.27	0.027099	54.197802
1.28	0.027038	54.075702
1.29	0.027038	54.075702
1.3	0.027038	54.075702
1.31	0.027038	54.075702
1.32	0.027038	54.075702
1.33	0.027038	54.075702
1.34	0.027038	54.075702
1.35	0.027038	54.075702
1.36	0.027038	54.075702
1.37	0.027038	54.075702
1.38	0.026977	53.953602
1.39	0.027038	54.075702
1.4	0.027038	54.075702
1.41	0.027038	54.075702
1.42	0.027038	54.075702
1.43	0.026977	53.953602
1.44	0.026977	53.953602
1.45	0.026977	53.953602
1.46	0.026977	53.953602
1.47	0.026977	53.953602
1.48	0.026977	53.953602
1.49	0.026977	53.953602
1.5	0.026977	53.953602
1.51	0.026977	53.953602
1.52	0.026977	53.953602
1.53	0.026977	53.953602
1.54	0.026977	53.953602
1.55	0.026977	53.953602
1.56	0.026977	53.953602
1.57	0.026977	53.953602
1.58	0.026977	53.953602
1.59	0.026916	53.831502
1.6	0.026916	53.831502
1.61	0.026977	53.953602
1.62	0.026916	53.831502
1.63	0.026916	53.831502
1.64	0.026916	53.831502
1.65	0.026916	53.831502
1.66	0.026916	53.831502
1.67	0.026916	53.831502
1.68	0.026916	53.831502
1.69	0.026916	53.831502
1.7	0.026916	53.831502
1.71	0.026916	53.831502
1.72	0.026916	53.831502
1.73	0.026916	53.831502
1.74	0.026916	53.831502
1.75	0.026916	53.831502
1.76	0.026916	53.831502
1.77	0.026916	53.831502
1.78	0.026916	53.831502
1.79	0.026916	53.831502
1.8	0.026855	53.709402
1.81	0.026916	53.831502
1.82	0.026916	53.831502
1.83	0.026855	53.709402
1.84	0.026855	53.709402
1.85	0.026855	53.709402
1.86	0.026916	53.831502
1.87	0.026855	53.709402
1.88	0.026855	53.709402
1.89	0.026855	53.709402
1.9	0.026855	53.709402
1.91	0.026855	53.709402
1.92	0.026855	53.709402
1.93	0.026855	53.709402
1.94	0.026855	53.709402
1.95	0.026855	53.709402
1.96	0.026855	53.709402
1.97	0.026855	53.709402
1.98	0.026855	53.709402
1.99	0.026855	53.709402
