-0.01	-0.001564	-3.127228
0	-0.001564	-3.127228
0.01	-0.001558	-3.115018
0.02	-0.001558	-3.115018
0.03	-0.001551	-3.102808
0.04	-0.001551	-3.102808
0.05	-0.001545	-3.090598
0.06	-0.001545	-3.090598
0.07	-0.001539	-3.078388
0.08	-0.001539	-3.078388
0.09	-0.001527	-3.053968
0.1	-0.001527	-3.053968
0.11	-0.001521	-3.041758
0.12	-0.001521	-3.041758
0.13	-0.001515	-3.029548
0.14	-0.001509	-3.017338
0.15	-0.001503	-3.005128
0.16	-0.001496	-2.992918
0.17	-0.00149	-2.980708
0.18	-0.001478	-2.956288
0.19	-0.001472	-2.944078
0.2	-0.001466	-2.931868
0.21	-0.001454	-2.907448
0.22	-0.001442	-2.883028
0.23	-0.001429	-2.858608
0.24	-0.001417	-2.834188
0.25	-0.001399	-2.797558
0.26	-0.00138	-2.760928
0.27	-0.001356	-2.712088
0.28	-0.001338	-2.675458
0.29	-0.001301	-2.602198
0.3	-0.001271	-2.541148
0.31	-0.001222	-2.443468
0.32	-0.001185	-2.370208
0.33	-0.001124	-2.248107
0.34	-0.001069	-2.138217
0.35	-0.000991	-1.981371
0.36	-0.000917	-1.833482
0.37	-0.000795	-1.589037
0.38	-0.0007	-1.399593
0.39	-0.000534	-1.06837
0.4	-0.000416	-0.832481
0.41	-0.000198	-0.396147
0.42	-5.928517E-5	-0.11857
0.43	0.000203	0.406854
0.44	0.000411	0.82241
0.45	0.000727	1.453077
0.46	0.000959	1.917522
0.47	0.001318	2.635897
0.48	0.001599	3.197558
0.49	0.002051	4.101099
0.5	0.002344	4.687179
0.51	0.002808	5.61514
0.52	0.003156	6.311111
0.53	0.003674	7.348962
0.54	0.004029	8.057143
0.55	0.004602	9.204884
0.56	0.005079	10.157265
0.57	0.005585	11.170696
0.58	0.005976	11.952137
0.59	0.006593	13.185348
0.6	0.00702	14.040049
0.61	0.007685	15.37094
0.62	0.008131	16.262271
0.63	0.008784	17.568742
0.64	0.009236	18.472283
0.65	0.009938	19.876435
0.66	0.010359	20.718926
0.67	0.011287	22.573871
0.68	0.011775	23.550672
0.69	0.012508	25.015873
0.7	0.012935	25.870574
0.71	0.013729	27.457875
0.72	0.014217	28.434676
0.73	0.015011	30.021978
0.74	0.015499	30.998779
0.75	0.016232	32.46398
0.76	0.016781	33.562882
0.77	0.017514	35.028083
0.78	0.018002	36.004884
0.79	0.018796	37.592186
0.8	0.019284	38.568987
0.81	0.020139	40.278388
0.82	0.020628	41.255189
0.83	0.021421	42.842491
0.84	0.021971	43.941392
0.85	0.022764	45.528694
0.86	0.023314	46.627595
0.87	0.024107	48.214896
0.88	0.024657	49.313797
0.89	0.025451	50.901099
0.9	0.026	52
0.91	0.026	52
0.92	0.027099	54.197802
0.93	0.027221	54.442002
0.94	0.02716	54.319902
0.95	0.02716	54.319902
0.96	0.02716	54.319902
0.97	0.02716	54.319902
0.98	0.02716	54.319902
0.99	0.027099	54.197802
1	0.027099	54.197802
1.01	0.027099	54.197802
1.02	0.027099	54.197802
1.03	0.027099	54.197802
1.04	0.027099	54.197802
1.05	0.027099	54.197802
1.06	0.027038	54.075702
1.07	0.027038	54.075702
1.08	0.027099	54.197802
1.09	0.027099	54.197802
1.1	0.027038	54.075702
1.11	0.027038	54.075702
1.12	0.027038	54.075702
1.13	0.027038	54.075702
1.14	0.027038	54.075702
1.15	0.027038	54.075702
1.16	0.027038	54.075702
1.17	0.027038	54.075702
1.18	0.026977	53.953602
1.19	0.026977	53.953602
1.2	0.027038	54.075702
1.21	0.026977	53.953602
1.22	0.026977	53.953602
1.23	0.026977	53.953602
1.24	0.026977	53.953602
1.25	0.026977	53.953602
1.26	0.026977	53.953602
1.27	0.026977	53.953602
1.28	0.026977	53.953602
1.29	0.026977	53.953602
1.3	0.026977	53.953602
1.31	0.026916	53.831502
1.32	0.026977	53.953602
1.33	0.026977	53.953602
1.34	0.026916	53.831502
1.35	0.026977	53.953602
1.36	0.026916	53.831502
1.37	0.026977	53.953602
1.38	0.026916	53.831502
1.39	0.026916	53.831502
1.4	0.026916	53.831502
1.41	0.026916	53.831502
1.42	0.026916	53.831502
1.43	0.026916	53.831502
1.44	0.026916	53.831502
1.45	0.026916	53.831502
1.46	0.026916	53.831502
1.47	0.026916	53.831502
1.48	0.026916	53.831502
1.49	0.026916	53.831502
1.5	0.026916	53.831502
1.51	0.026916	53.831502
1.52	0.026855	53.709402
1.53	0.026855	53.709402
1.54	0.026916	53.831502
1.55	0.026916	53.831502
1.56	0.026916	53.831502
1.57	0.026916	53.831502
1.58	0.026916	53.831502
1.59	0.026855	53.709402
1.6	0.026855	53.709402
1.61	0.026916	53.831502
1.62	0.026855	53.709402
1.63	0.026855	53.709402
1.64	0.026855	53.709402
1.65	0.026855	53.709402
1.66	0.026855	53.709402
1.67	0.026855	53.709402
1.68	0.026855	53.709402
1.69	0.026855	53.709402
1.7	0.026855	53.709402
1.71	0.026855	53.709402
1.72	0.026855	53.709402
1.73	0.026855	53.709402
1.74	0.026855	53.709402
1.75	0.026855	53.709402
1.76	0.026855	53.709402
1.77	0.026855	53.709402
1.78	0.026855	53.709402
1.79	0.026855	53.709402
1.8	0.026855	53.709402
1.81	0.026855	53.709402
1.82	0.026855	53.709402
1.83	0.026855	53.709402
1.84	0.026855	53.709402
1.85	0.026794	53.587302
1.86	0.026855	53.709402
1.87	0.026794	53.587302
1.88	0.026794	53.587302
1.89	0.026794	53.587302
1.9	0.026855	53.709402
1.91	0.026794	53.587302
1.92	0.026794	53.587302
1.93	0.026794	53.587302
1.94	0.026794	53.587302
1.95	0.026794	53.587302
1.96	0.026794	53.587302
1.97	0.026794	53.587302
1.98	0.026794	53.587302
1.99	0.026794	53.587302
