-0.01	-0.001551	-3.102808
0	-0.001558	-3.115018
0.01	-0.001551	-3.102808
0.02	-0.001551	-3.102808
0.03	-0.001551	-3.102808
0.04	-0.001551	-3.102808
0.05	-0.001551	-3.102808
0.06	-0.001551	-3.102808
0.07	-0.001551	-3.102808
0.08	-0.001551	-3.102808
0.09	-0.001551	-3.102808
0.1	-0.001551	-3.102808
0.11	-0.001551	-3.102808
0.12	-0.001545	-3.090598
0.13	-0.001551	-3.102808
0.14	-0.001551	-3.102808
0.15	-0.001545	-3.090598
0.16	-0.001545	-3.090598
0.17	-0.001545	-3.090598
0.18	-0.001545	-3.090598
0.19	-0.001545	-3.090598
0.2	-0.001545	-3.090598
0.21	-0.001539	-3.078388
0.22	-0.001545	-3.090598
0.23	-0.001539	-3.078388
0.24	-0.001539	-3.078388
0.25	-0.001539	-3.078388
0.26	-0.001539	-3.078388
0.27	-0.001539	-3.078388
0.28	-0.001533	-3.066178
0.29	-0.001533	-3.066178
0.3	-0.001533	-3.066178
0.31	-0.001533	-3.066178
0.32	-0.001527	-3.053968
0.33	-0.001527	-3.053968
0.34	-0.001527	-3.053968
0.35	-0.001527	-3.053968
0.36	-0.001521	-3.041758
0.37	-0.001521	-3.041758
0.38	-0.001521	-3.041758
0.39	-0.001515	-3.029548
0.4	-0.001515	-3.029548
0.41	-0.001509	-3.017338
0.42	-0.001509	-3.017338
0.43	-0.001509	-3.017338
0.44	-0.001503	-3.005128
0.45	-0.001503	-3.005128
0.46	-0.001503	-3.005128
0.47	-0.001496	-2.992918
0.48	-0.00149	-2.980708
0.49	-0.00149	-2.980708
0.5	-0.00149	-2.980708
0.51	-0.001478	-2.956288
0.52	-0.001478	-2.956288
0.53	-0.001478	-2.956288
0.54	-0.001472	-2.944078
0.55	-0.001466	-2.931868
0.56	-0.001466	-2.931868
0.57	-0.00146	-2.919658
0.58	-0.001454	-2.907448
0.59	-0.001448	-2.895238
0.6	-0.001442	-2.883028
0.61	-0.001435	-2.870818
0.62	-0.001429	-2.858608
0.63	-0.001423	-2.846398
0.64	-0.001417	-2.834188
0.65	-0.001405	-2.809768
0.66	-0.001399	-2.797558
0.67	-0.001387	-2.773138
0.68	-0.001374	-2.748718
0.69	-0.001356	-2.712088
0.7	-0.001338	-2.675458
0.71	-0.001313	-2.626618
0.72	-0.001295	-2.589988
0.73	-0.001252	-2.504518
0.74	-0.001216	-2.431258
0.75	-0.001155	-2.309158
0.76	-0.0011	-2.199267
0.77	-0.001008	-2.016117
0.78	-0.00095	-1.899482
0.79	-0.000814	-1.628148
0.8	-0.000714	-1.428926
0.81	-0.000545	-1.089148
0.82	-0.000428	-0.856925
0.83	-0.000254	-0.507369
0.84	-0.000141	-0.281258
0.85	1.294824E-5	0.025896
0.86	0.000109	0.217174
0.87	0.000235	0.469187
0.88	0.000309	0.618298
0.89	0.00041	0.819965
0.9	0.000475	0.949521
0.91	0.000568	1.135299
0.92	0.000632	1.264855
0.93	0.000731	1.462855
0.94	0.000802	1.60341
0.95	0.00091	1.819744
0.96	0.000987	1.973744
0.97	0.001098	2.196337
0.98	0.001184	2.367277
0.99	0.001312	2.623687
1	0.001397	2.794628
1.01	0.001538	3.075458
1.02	0.001629	3.258608
1.03	0.001776	3.551648
1.04	0.00188	3.759219
1.05	0.002044	4.088889
1.06	0.002173	4.345299
1.07	0.002313	4.626129
1.08	0.002435	4.87033
1.09	0.002618	5.23663
1.1	0.00274	5.48083
1.11	0.00293	5.859341
1.12	0.00307	6.140171
1.13	0.003259	6.518681
1.14	0.003436	6.872772
1.15	0.003607	7.214652
1.16	0.003754	7.507692
1.17	0.00398	7.959463
1.18	0.004132	8.264713
1.19	0.004328	8.655433
1.2	0.004523	9.046154
1.21	0.004773	9.546764
1.22	0.004938	9.876435
1.23	0.005189	10.377045
1.24	0.005366	10.731136
1.25	0.005622	11.243956
1.26	0.005817	11.634676
1.27	0.006092	12.184127
1.28	0.006281	12.562637
1.29	0.006562	13.124298
1.3	0.006764	13.527228
1.31	0.007057	14.113309
1.32	0.007258	14.516239
1.33	0.007557	15.11453
1.34	0.007777	15.55409
1.35	0.008095	16.189011
1.36	0.008302	16.604151
1.37	0.008632	17.263492
1.38	0.008845	17.690842
1.39	0.009187	18.374603
1.4	0.009419	18.838584
1.41	0.009749	19.497924
1.42	0.009999	19.998535
1.43	0.010341	20.682295
1.44	0.010579	21.158486
1.45	0.010946	21.891087
1.46	0.011409	22.818071
1.47	0.011775	23.550672
1.48	0.01202	24.039072
1.49	0.012386	24.771673
1.5	0.012691	25.382173
1.51	0.013057	26.114774
1.52	0.013363	26.725275
1.53	0.013729	27.457875
1.54	0.014034	28.068376
1.55	0.0144	28.800977
1.56	0.014767	29.533578
1.57	0.015133	30.266178
1.58	0.015377	30.754579
1.59	0.015866	31.73138
1.6	0.01611	32.21978
1.61	0.016598	33.196581
1.62	0.016842	33.684982
1.63	0.017331	34.661783
1.64	0.017697	35.394383
1.65	0.018063	36.126984
1.66	0.018369	36.737485
1.67	0.018857	37.714286
1.68	0.019162	38.324786
1.69	0.019529	39.057387
1.7	0.019956	39.912088
1.71	0.020444	40.888889
1.72	0.02075	41.499389
1.73	0.021238	42.47619
1.74	0.021543	43.086691
1.75	0.022032	44.063492
1.76	0.022398	44.796093
1.77	0.022886	45.772894
1.78	0.023192	46.383394
1.79	0.023741	47.482295
1.8	0.024107	48.214896
1.81	0.024596	49.191697
1.82	0.024962	49.924298
1.83	0.025451	50.901099
1.84	0.025817	51.6337
1.85	0.026305	52.610501
1.86	0.026061	52.1221
1.87	0.026611	53.221001
1.88	0.027221	54.442002
1.89	0.027221	54.442002
1.9	0.027221	54.442002
1.91	0.027221	54.442002
1.92	0.027221	54.442002
1.93	0.02716	54.319902
1.94	0.02716	54.319902
1.95	0.027221	54.442002
1.96	0.02716	54.319902
1.97	0.02716	54.319902
1.98	0.02716	54.319902
1.99	0.02716	54.319902
