-0.01	-0.00309	-6.179731
0	-0.00309	-6.179731
0.01	-0.00309	-6.179731
0.02	-0.00309	-6.179731
0.03	-0.00309	-6.179731
0.04	-0.00309	-6.179731
0.05	-0.00309	-6.179731
0.06	-0.003084	-6.167521
0.07	-0.003084	-6.167521
0.08	-0.003084	-6.167521
0.09	-0.003084	-6.167521
0.1	-0.003084	-6.167521
0.11	-0.003078	-6.155311
0.12	-0.003078	-6.155311
0.13	-0.003078	-6.155311
0.14	-0.003072	-6.143101
0.15	-0.003072	-6.143101
0.16	-0.003072	-6.143101
0.17	-0.003072	-6.143101
0.18	-0.003072	-6.143101
0.19	-0.003065	-6.130891
0.2	-0.003065	-6.130891
0.21	-0.003059	-6.118681
0.22	-0.003059	-6.118681
0.23	-0.003053	-6.106471
0.24	-0.003053	-6.106471
0.25	-0.003047	-6.094261
0.26	-0.003047	-6.094261
0.27	-0.003041	-6.082051
0.28	-0.003041	-6.082051
0.29	-0.003041	-6.082051
0.3	-0.003035	-6.069841
0.31	-0.003029	-6.057631
0.32	-0.003023	-6.045421
0.33	-0.003023	-6.045421
0.34	-0.003017	-6.033211
0.35	-0.003011	-6.021001
0.36	-0.003004	-6.008791
0.37	-0.003004	-6.008791
0.38	-0.002998	-5.996581
0.39	-0.002992	-5.984371
0.4	-0.002986	-5.972161
0.41	-0.00298	-5.959951
0.42	-0.002974	-5.947741
0.43	-0.002962	-5.923321
0.44	-0.002962	-5.923321
0.45	-0.002949	-5.898901
0.46	-0.002943	-5.886691
0.47	-0.002931	-5.862271
0.48	-0.002919	-5.837851
0.49	-0.002907	-5.813431
0.5	-0.002895	-5.789011
0.51	-0.002876	-5.752381
0.52	-0.002864	-5.727961
0.53	-0.00284	-5.679121
0.54	-0.002821	-5.642491
0.55	-0.002791	-5.581441
0.56	-0.00276	-5.520391
0.57	-0.002724	-5.447131
0.58	-0.002693	-5.386081
0.59	-0.002626	-5.25177
0.6	-0.002583	-5.1663
0.61	-0.002492	-4.98315
0.62	-0.002424	-4.84884
0.63	-0.002308	-4.61685
0.64	-0.002205	-4.40928
0.65	-0.002028	-4.055189
0.66	-0.001905	-3.810989
0.67	-0.001686	-3.371429
0.68	-0.001509	-3.017338
0.69	-0.001203	-2.406838
0.7	-0.001008	-2.016815
0.71	-0.000633	-1.26637
0.72	-0.00036	-0.720036
0.73	6.843718E-5	0.136874
0.74	0.000364	0.728299
0.75	0.000907	1.814855
0.76	0.001245	2.489377
0.77	0.001819	3.637118
0.78	0.002209	4.418559
0.79	0.00282	5.63956
0.8	0.003235	6.469841
0.81	0.003882	7.764103
0.82	0.004322	8.643223
0.83	0.005005	10.010745
0.84	0.005463	10.926496
0.85	0.006184	12.367277
0.86	0.006648	13.295238
0.87	0.007386	14.77265
0.88	0.007869	15.737241
0.89	0.008613	17.226862
0.9	0.00912	18.240293
0.91	0.009847	19.693284
0.92	0.010359	20.718926
0.93	0.011287	22.573871
0.94	0.011836	23.672772
0.95	0.01263	25.260073
0.96	0.013118	26.236874
0.97	0.013912	27.824176
0.98	0.014462	28.923077
0.99	0.015255	30.510379
1	0.015805	31.60928
1.01	0.016537	33.074481
1.02	0.017087	34.173382
1.03	0.01788	35.760684
1.04	0.018369	36.737485
1.05	0.019162	38.324786
1.06	0.019834	39.667888
1.07	0.020505	41.010989
1.08	0.020933	41.86569
1.09	0.021788	43.575092
1.1	0.022276	44.551893
1.11	0.02307	46.139194
1.12	0.023558	47.115995
1.13	0.024291	48.581197
1.14	0.024962	49.924298
1.15	0.025573	51.145299
1.16	0.026061	52.1221
1.17	0.026061	52.1221
1.18	0.027038	54.075702
1.19	0.027038	54.075702
1.2	0.027038	54.075702
1.21	0.027038	54.075702
1.22	0.026977	53.953602
1.23	0.026977	53.953602
1.24	0.027038	54.075702
1.25	0.027038	54.075702
1.26	0.026977	53.953602
1.27	0.026977	53.953602
1.28	0.026977	53.953602
1.29	0.026977	53.953602
1.3	0.026977	53.953602
1.31	0.026916	53.831502
1.32	0.026916	53.831502
1.33	0.026977	53.953602
1.34	0.026916	53.831502
1.35	0.026916	53.831502
1.36	0.026916	53.831502
1.37	0.026916	53.831502
1.38	0.026916	53.831502
1.39	0.026916	53.831502
1.4	0.026916	53.831502
1.41	0.026916	53.831502
1.42	0.026916	53.831502
1.43	0.026855	53.709402
1.44	0.026916	53.831502
1.45	0.026855	53.709402
1.46	0.026855	53.709402
1.47	0.026855	53.709402
1.48	0.026916	53.831502
1.49	0.026855	53.709402
1.5	0.026855	53.709402
1.51	0.026855	53.709402
1.52	0.026855	53.709402
1.53	0.026855	53.709402
1.54	0.026855	53.709402
1.55	0.026855	53.709402
1.56	0.026855	53.709402
1.57	0.026794	53.587302
1.58	0.026794	53.587302
1.59	0.026855	53.709402
1.6	0.026794	53.587302
1.61	0.026794	53.587302
1.62	0.026794	53.587302
1.63	0.026794	53.587302
1.64	0.026794	53.587302
1.65	0.026794	53.587302
1.66	0.026794	53.587302
1.67	0.026794	53.587302
1.68	0.026794	53.587302
1.69	0.026794	53.587302
1.7	0.026794	53.587302
1.71	0.026794	53.587302
1.72	0.026794	53.587302
1.73	0.026794	53.587302
1.74	0.026794	53.587302
1.75	0.026794	53.587302
1.76	0.026794	53.587302
1.77	0.026794	53.587302
1.78	0.026794	53.587302
1.79	0.026794	53.587302
1.8	0.026733	53.465201
1.81	0.026794	53.587302
1.82	0.026733	53.465201
1.83	0.026794	53.587302
1.84	0.026733	53.465201
1.85	0.026733	53.465201
1.86	0.026794	53.587302
1.87	0.026733	53.465201
1.88	0.026733	53.465201
1.89	0.026733	53.465201
1.9	0.026733	53.465201
1.91	0.026733	53.465201
1.92	0.026733	53.465201
1.93	0.026794	53.587302
1.94	0.026733	53.465201
1.95	0.026733	53.465201
1.96	0.026733	53.465201
1.97	0.026733	53.465201
1.98	0.026733	53.465201
1.99	0.026733	53.465201
