-0.01	-0.005678	-11.356777
0	-0.005672	-11.344567
0.01	-0.005666	-11.332357
0.02	-0.00566	-11.320147
0.03	-0.005654	-11.307937
0.04	-0.005648	-11.295726
0.05	-0.005642	-11.283516
0.06	-0.005636	-11.271306
0.07	-0.005623	-11.246886
0.08	-0.005617	-11.234676
0.09	-0.005611	-11.222466
0.1	-0.005599	-11.198046
0.11	-0.005593	-11.185836
0.12	-0.005581	-11.161416
0.13	-0.005575	-11.149206
0.14	-0.005562	-11.124786
0.15	-0.00555	-11.100366
0.16	-0.005538	-11.075946
0.17	-0.005526	-11.051526
0.18	-0.005507	-11.014896
0.19	-0.005489	-10.978266
0.2	-0.005477	-10.953846
0.21	-0.005453	-10.905006
0.22	-0.005434	-10.868376
0.23	-0.00541	-10.819536
0.24	-0.005385	-10.770696
0.25	-0.005349	-10.697436
0.26	-0.005324	-10.648596
0.27	-0.005275	-10.550916
0.28	-0.005239	-10.477656
0.29	-0.005184	-10.367766
0.3	-0.005135	-10.270085
0.31	-0.005056	-10.111355
0.32	-0.004995	-9.989255
0.33	-0.004885	-9.769475
0.34	-0.004805	-9.610745
0.35	-0.004671	-9.342125
0.36	-0.004561	-9.122344
0.37	-0.004384	-8.768254
0.38	-0.004256	-8.511844
0.39	-0.00403	-8.060073
0.4	-0.003865	-7.730403
0.41	-0.00359	-7.180952
0.42	-0.003389	-6.778022
0.43	-0.003053	-6.106471
0.44	-0.002821	-5.642491
0.45	-0.002443	-4.88547
0.46	-0.002162	-4.32381
0.47	-0.001728	-3.456899
0.48	-0.001429	-2.858608
0.49	-0.00096	-1.919037
0.5	-0.000633	-1.26637
0.51	-0.000114	-0.22748
0.52	0.000259	0.518076
0.53	0.000825	1.649855
0.54	0.001196	2.391697
0.55	0.001812	3.624908
0.56	0.002325	4.650549
0.57	0.002838	5.67619
0.58	0.003265	6.530891
0.59	0.003931	7.861783
0.6	0.004334	8.667643
0.61	0.005036	10.071795
0.62	0.005506	11.011966
0.63	0.006171	12.342857
0.64	0.006666	13.331868
0.65	0.007368	14.73602
0.66	0.007863	15.725031
0.67	0.008577	17.153602
0.68	0.009071	18.142613
0.69	0.009798	19.595604
0.7	0.010292	20.584615
0.71	0.011226	22.45177
0.72	0.011714	23.428571
0.73	0.012508	25.015873
0.74	0.013057	26.114774
0.75	0.013851	27.702076
0.76	0.014339	28.678877
0.77	0.015133	30.266178
0.78	0.015621	31.242979
0.79	0.016415	32.830281
0.8	0.016965	33.929182
0.81	0.017758	35.516484
0.82	0.018308	36.615385
0.83	0.019101	38.202686
0.84	0.019651	39.301587
0.85	0.020444	40.888889
0.86	0.020994	41.98779
0.87	0.021788	43.575092
0.88	0.022337	44.673993
0.89	0.023131	46.261294
0.9	0.02368	47.360195
0.91	0.024535	49.069597
0.92	0.025084	50.168498
0.93	0.025878	51.7558
0.94	0.025634	51.267399
0.95	0.026855	53.709402
0.96	0.026794	53.587302
0.97	0.026855	53.709402
0.98	0.026794	53.587302
0.99	0.026794	53.587302
1	0.026794	53.587302
1.01	0.026794	53.587302
1.02	0.026794	53.587302
1.03	0.026794	53.587302
1.04	0.026794	53.587302
1.05	0.026794	53.587302
1.06	0.026794	53.587302
1.07	0.026733	53.465201
1.08	0.026733	53.465201
1.09	0.026733	53.465201
1.1	0.026733	53.465201
1.11	0.026733	53.465201
1.12	0.026733	53.465201
1.13	0.026733	53.465201
1.14	0.026733	53.465201
1.15	0.026733	53.465201
1.16	0.026672	53.343101
1.17	0.026672	53.343101
1.18	0.026733	53.465201
1.19	0.026672	53.343101
1.2	0.026672	53.343101
1.21	0.026672	53.343101
1.22	0.026672	53.343101
1.23	0.026672	53.343101
1.24	0.026672	53.343101
1.25	0.026672	53.343101
1.26	0.026672	53.343101
1.27	0.026672	53.343101
1.28	0.026672	53.343101
1.29	0.026672	53.343101
1.3	0.026611	53.221001
1.31	0.026672	53.343101
1.32	0.026672	53.343101
1.33	0.026611	53.221001
1.34	0.026672	53.343101
1.35	0.026611	53.221001
1.36	0.026611	53.221001
1.37	0.026611	53.221001
1.38	0.026672	53.343101
1.39	0.026611	53.221001
1.4	0.026611	53.221001
1.41	0.026611	53.221001
1.42	0.026611	53.221001
1.43	0.026611	53.221001
1.44	0.026611	53.221001
1.45	0.026611	53.221001
1.46	0.026611	53.221001
1.47	0.026611	53.221001
1.48	0.026611	53.221001
1.49	0.026611	53.221001
1.5	0.026611	53.221001
1.51	0.026611	53.221001
1.52	0.026611	53.221001
1.53	0.026549	53.098901
1.54	0.026549	53.098901
1.55	0.026549	53.098901
1.56	0.026611	53.221001
1.57	0.026549	53.098901
1.58	0.026549	53.098901
1.59	0.026549	53.098901
1.6	0.026549	53.098901
1.61	0.026549	53.098901
1.62	0.026611	53.221001
1.63	0.026549	53.098901
1.64	0.026549	53.098901
1.65	0.026549	53.098901
1.66	0.026549	53.098901
1.67	0.026549	53.098901
1.68	0.026549	53.098901
1.69	0.026549	53.098901
1.7	0.026549	53.098901
1.71	0.026549	53.098901
1.72	0.026549	53.098901
1.73	0.026549	53.098901
1.74	0.026549	53.098901
1.75	0.026549	53.098901
1.76	0.026549	53.098901
1.77	0.026549	53.098901
1.78	0.026549	53.098901
1.79	0.026549	53.098901
1.8	0.026549	53.098901
1.81	0.026549	53.098901
1.82	0.026488	52.976801
1.83	0.026549	53.098901
1.84	0.026549	53.098901
1.85	0.026488	52.976801
1.86	0.026549	53.098901
1.87	0.026488	52.976801
1.88	0.026488	52.976801
1.89	0.026549	53.098901
1.9	0.026488	52.976801
1.91	0.026488	52.976801
1.92	0.026549	53.098901
1.93	0.026549	53.098901
1.94	0.026488	52.976801
1.95	0.026488	52.976801
1.96	0.026488	52.976801
1.97	0.026488	52.976801
1.98	0.026488	52.976801
1.99	0.026488	52.976801
