-0.01	-0.003084	-6.167521
0	-0.003084	-6.167521
0.01	-0.003078	-6.155311
0.02	-0.003078	-6.155311
0.03	-0.003072	-6.143101
0.04	-0.003065	-6.130891
0.05	-0.003065	-6.130891
0.06	-0.003059	-6.118681
0.07	-0.003053	-6.106471
0.08	-0.003053	-6.106471
0.09	-0.003047	-6.094261
0.1	-0.003041	-6.082051
0.11	-0.003035	-6.069841
0.12	-0.003029	-6.057631
0.13	-0.003023	-6.045421
0.14	-0.003017	-6.033211
0.15	-0.003011	-6.021001
0.16	-0.003004	-6.008791
0.17	-0.002998	-5.996581
0.18	-0.002992	-5.984371
0.19	-0.00298	-5.959951
0.2	-0.002968	-5.935531
0.21	-0.002962	-5.923321
0.22	-0.002949	-5.898901
0.23	-0.002937	-5.874481
0.24	-0.002925	-5.850061
0.25	-0.002907	-5.813431
0.26	-0.002888	-5.776801
0.27	-0.00287	-5.740171
0.28	-0.002846	-5.691331
0.29	-0.002821	-5.642491
0.3	-0.002791	-5.581441
0.31	-0.002754	-5.508181
0.32	-0.002724	-5.447131
0.33	-0.002663	-5.325031
0.34	-0.00262	-5.23956
0.35	-0.00254	-5.08083
0.36	-0.002485	-4.97094
0.37	-0.002382	-4.76337
0.38	-0.002302	-4.60464
0.39	-0.002168	-4.33602
0.4	-0.002064	-4.128449
0.41	-0.001887	-3.774359
0.42	-0.001759	-3.517949
0.43	-0.001527	-3.053968
0.44	-0.001362	-2.724298
0.45	-0.001081	-2.162637
0.46	-0.000901	-1.802926
0.47	-0.000556	-1.111148
0.48	-0.000325	-0.65037
0.49	6.263162E-5	0.125263
0.5	0.000333	0.665965
0.51	0.000798	1.596077
0.52	0.001086	2.171917
0.53	0.001587	3.173138
0.54	0.001935	3.869109
0.55	0.002466	4.93138
0.56	0.002942	5.883761
0.57	0.003418	6.836142
0.58	0.003797	7.593162
0.59	0.004395	8.789744
0.6	0.004834	9.668864
0.61	0.005469	10.938706
0.62	0.005884	11.768987
0.63	0.006538	13.075458
0.64	0.007002	14.003419
0.65	0.007692	15.38315
0.66	0.008125	16.250061
0.67	0.008815	17.629792
0.68	0.009322	18.643223
0.69	0.010036	20.071795
0.7	0.010524	21.048596
0.71	0.011409	22.818071
0.72	0.011958	23.916972
0.73	0.01263	25.260073
0.74	0.013179	26.358974
0.75	0.013912	27.824176
0.76	0.014462	28.923077
0.77	0.015255	30.510379
0.78	0.015744	31.487179
0.79	0.016537	33.074481
0.8	0.017026	34.051282
0.81	0.017819	35.638584
0.82	0.018369	36.737485
0.83	0.019162	38.324786
0.84	0.019651	39.301587
0.85	0.020505	41.010989
0.86	0.020994	41.98779
0.87	0.021788	43.575092
0.88	0.022398	44.796093
0.89	0.023192	46.383394
0.9	0.023741	47.482295
0.91	0.024535	49.069597
0.92	0.025084	50.168498
0.93	0.025878	51.7558
0.94	0.025817	51.6337
0.95	0.027038	54.075702
0.96	0.027038	54.075702
0.97	0.026977	53.953602
0.98	0.027038	54.075702
0.99	0.026977	53.953602
1	0.026977	53.953602
1.01	0.027038	54.075702
1.02	0.026977	53.953602
1.03	0.026977	53.953602
1.04	0.026916	53.831502
1.05	0.026977	53.953602
1.06	0.026916	53.831502
1.07	0.026916	53.831502
1.08	0.026916	53.831502
1.09	0.026916	53.831502
1.1	0.026916	53.831502
1.11	0.026916	53.831502
1.12	0.026916	53.831502
1.13	0.026916	53.831502
1.14	0.026916	53.831502
1.15	0.026916	53.831502
1.16	0.026916	53.831502
1.17	0.026916	53.831502
1.18	0.026855	53.709402
1.19	0.026916	53.831502
1.2	0.026855	53.709402
1.21	0.026855	53.709402
1.22	0.026855	53.709402
1.23	0.026855	53.709402
1.24	0.026855	53.709402
1.25	0.026855	53.709402
1.26	0.026855	53.709402
1.27	0.026855	53.709402
1.28	0.026794	53.587302
1.29	0.026855	53.709402
1.3	0.026794	53.587302
1.31	0.026855	53.709402
1.32	0.026794	53.587302
1.33	0.026794	53.587302
1.34	0.026794	53.587302
1.35	0.026794	53.587302
1.36	0.026794	53.587302
1.37	0.026794	53.587302
1.38	0.026794	53.587302
1.39	0.026794	53.587302
1.4	0.026794	53.587302
1.41	0.026794	53.587302
1.42	0.026794	53.587302
1.43	0.026794	53.587302
1.44	0.026733	53.465201
1.45	0.026794	53.587302
1.46	0.026794	53.587302
1.47	0.026794	53.587302
1.48	0.026794	53.587302
1.49	0.026794	53.587302
1.5	0.026794	53.587302
1.51	0.026733	53.465201
1.52	0.026733	53.465201
1.53	0.026733	53.465201
1.54	0.026733	53.465201
1.55	0.026733	53.465201
1.56	0.026733	53.465201
1.57	0.026733	53.465201
1.58	0.026733	53.465201
1.59	0.026733	53.465201
1.6	0.026794	53.587302
1.61	0.026733	53.465201
1.62	0.026733	53.465201
1.63	0.026733	53.465201
1.64	0.026733	53.465201
1.65	0.026733	53.465201
1.66	0.026733	53.465201
1.67	0.026733	53.465201
1.68	0.026733	53.465201
1.69	0.026733	53.465201
1.7	0.026733	53.465201
1.71	0.026733	53.465201
1.72	0.026733	53.465201
1.73	0.026733	53.465201
1.74	0.026672	53.343101
1.75	0.026733	53.465201
1.76	0.026733	53.465201
1.77	0.026733	53.465201
1.78	0.026733	53.465201
1.79	0.026733	53.465201
1.8	0.026672	53.343101
1.81	0.026672	53.343101
1.82	0.026733	53.465201
1.83	0.026733	53.465201
1.84	0.026733	53.465201
1.85	0.026672	53.343101
1.86	0.026672	53.343101
1.87	0.026672	53.343101
1.88	0.026672	53.343101
1.89	0.026672	53.343101
1.9	0.026672	53.343101
1.91	0.026672	53.343101
1.92	0.026672	53.343101
1.93	0.026672	53.343101
1.94	0.026672	53.343101
1.95	0.026672	53.343101
1.96	0.026672	53.343101
1.97	0.026672	53.343101
1.98	0.026672	53.343101
1.99	0.026672	53.343101
