-0.01	-0.002315	-4.62906
0	-0.002315	-4.62906
0.01	-0.002315	-4.62906
0.02	-0.002315	-4.62906
0.03	-0.002315	-4.62906
0.04	-0.002315	-4.62906
0.05	-0.002315	-4.62906
0.06	-0.002315	-4.62906
0.07	-0.002315	-4.62906
0.08	-0.002315	-4.62906
0.09	-0.002315	-4.62906
0.1	-0.002315	-4.62906
0.11	-0.002315	-4.62906
0.12	-0.002308	-4.61685
0.13	-0.002308	-4.61685
0.14	-0.002308	-4.61685
0.15	-0.002308	-4.61685
0.16	-0.002308	-4.61685
0.17	-0.002302	-4.60464
0.18	-0.002302	-4.60464
0.19	-0.002302	-4.60464
0.2	-0.002302	-4.60464
0.21	-0.002302	-4.60464
0.22	-0.002302	-4.60464
0.23	-0.002296	-4.59243
0.24	-0.002296	-4.59243
0.25	-0.002296	-4.59243
0.26	-0.00229	-4.58022
0.27	-0.00229	-4.58022
0.28	-0.00229	-4.58022
0.29	-0.002284	-4.56801
0.3	-0.002284	-4.56801
0.31	-0.002278	-4.5558
0.32	-0.002278	-4.5558
0.33	-0.002278	-4.5558
0.34	-0.002278	-4.5558
0.35	-0.002272	-4.54359
0.36	-0.002272	-4.54359
0.37	-0.002266	-4.53138
0.38	-0.002266	-4.53138
0.39	-0.00226	-4.51917
0.4	-0.00226	-4.51917
0.41	-0.002253	-4.50696
0.42	-0.002247	-4.49475
0.43	-0.002241	-4.48254
0.44	-0.002241	-4.48254
0.45	-0.002235	-4.47033
0.46	-0.002229	-4.45812
0.47	-0.002223	-4.44591
0.48	-0.002223	-4.44591
0.49	-0.002211	-4.42149
0.5	-0.002211	-4.42149
0.51	-0.002205	-4.40928
0.52	-0.002199	-4.39707
0.53	-0.002192	-4.38486
0.54	-0.002186	-4.37265
0.55	-0.00218	-4.36044
0.56	-0.002174	-4.34823
0.57	-0.002168	-4.33602
0.58	-0.002162	-4.32381
0.59	-0.00215	-4.299389
0.6	-0.002144	-4.287179
0.61	-0.002131	-4.262759
0.62	-0.002125	-4.250549
0.63	-0.002113	-4.226129
0.64	-0.002101	-4.201709
0.65	-0.002089	-4.177289
0.66	-0.002076	-4.152869
0.67	-0.002058	-4.116239
0.68	-0.002046	-4.091819
0.69	-0.002021	-4.042979
0.7	-0.001997	-3.994139
0.71	-0.00196	-3.920879
0.72	-0.001936	-3.872039
0.73	-0.001881	-3.762149
0.74	-0.001838	-3.676679
0.75	-0.001753	-3.505739
0.76	-0.001692	-3.383639
0.77	-0.00157	-3.139438
0.78	-0.001466	-2.931868
0.79	-0.001301	-2.602198
0.8	-0.001173	-2.345788
0.81	-0.000978	-1.955704
0.82	-0.000831	-1.661148
0.83	-0.000606	-1.212592
0.84	-0.000471	-0.942481
0.85	-0.000278	-0.556258
0.86	-0.000163	-0.325258
0.87	-2.744625E-5	-0.054892
0.88	4.539827E-5	0.090797
0.89	0.000133	0.266298
0.9	0.000183	0.365298
0.91	0.00025	0.500965
0.92	0.000294	0.587743
0.93	0.000359	0.718521
0.94	0.000408	0.815076
0.95	0.00048	0.959299
0.96	0.000533	1.065632
0.97	0.000613	1.225743
0.98	0.000668	1.336966
0.99	0.000761	1.521522
1	0.000827	1.653522
1.01	0.00093	1.860077
1.02	0.000999	1.998189
1.03	0.001104	2.208547
1.04	0.001184	2.367277
1.05	0.0013	2.599267
1.06	0.001403	2.806838
1.07	0.001513	3.026618
1.08	0.001605	3.209768
1.09	0.001745	3.490598
1.1	0.001837	3.673748
1.11	0.001983	3.966789
1.12	0.002093	4.186569
1.13	0.002252	4.504029
1.14	0.00238	4.76044
1.15	0.002527	5.05348
1.16	0.002643	5.28547
1.17	0.002826	5.65177
1.18	0.002942	5.883761
1.19	0.003101	6.201221
1.2	0.003265	6.530891
1.21	0.003467	6.933822
1.22	0.003595	7.190232
1.23	0.003809	7.617582
1.24	0.003943	7.886203
1.25	0.004175	8.350183
1.26	0.004334	8.667643
1.27	0.004554	9.107204
1.28	0.004706	9.412454
1.29	0.00495	9.900855
1.3	0.005115	10.230525
1.31	0.005359	10.718926
1.32	0.005537	11.073016
1.33	0.005799	11.598046
1.34	0.00597	11.939927
1.35	0.006245	12.489377
1.36	0.006422	12.843468
1.37	0.006709	13.417338
1.38	0.006892	13.783639
1.39	0.007185	14.369719
1.4	0.007386	14.77265
1.41	0.007679	15.35873
1.42	0.007881	15.761661
1.43	0.008192	16.384371
1.44	0.0084	16.799512
1.45	0.008723	17.446642
1.46	0.008931	17.861783
1.47	0.009267	18.533333
1.48	0.009493	18.985104
1.49	0.009828	19.656654
1.5	0.010048	20.096215
1.51	0.010402	20.804396
1.52	0.01064	21.280586
1.53	0.010988	21.976557
1.54	0.011409	22.818071
1.55	0.011775	23.550672
1.56	0.012142	24.283272
1.57	0.012447	24.893773
1.58	0.012691	25.382173
1.59	0.013057	26.114774
1.6	0.013302	26.603175
1.61	0.013729	27.457875
1.62	0.013973	27.946276
1.63	0.0144	28.800977
1.64	0.014706	29.411477
1.65	0.015072	30.144078
1.66	0.015377	30.754579
1.67	0.015805	31.60928
1.68	0.01611	32.21978
1.69	0.016415	32.830281
1.7	0.016781	33.562882
1.71	0.017209	34.417582
1.72	0.017514	35.028083
1.73	0.018002	36.004884
1.74	0.018308	36.615385
1.75	0.018735	37.470085
1.76	0.01904	38.080586
1.77	0.019529	39.057387
1.78	0.019834	39.667888
1.79	0.020261	40.522589
1.8	0.020628	41.255189
1.81	0.021116	42.23199
1.82	0.02136	42.720391
1.83	0.02191	43.819292
1.84	0.022215	44.429792
1.85	0.022703	45.406593
1.86	0.02307	46.139194
1.87	0.023558	47.115995
1.88	0.023863	47.726496
1.89	0.024352	48.703297
1.9	0.024779	49.557998
1.91	0.025267	50.534799
1.92	0.025634	51.267399
1.93	0.026122	52.2442
1.94	0.026488	52.976801
1.95	0.026366	52.732601
1.96	0.027221	54.442002
1.97	0.027221	54.442002
1.98	0.02716	54.319902
1.99	0.02716	54.319902
