-0.01	-0.004463	-8.926984
0	-0.004463	-8.926984
0.01	-0.004457	-8.914774
0.02	-0.004457	-8.914774
0.03	-0.004457	-8.914774
0.04	-0.004457	-8.914774
0.05	-0.004451	-8.902564
0.06	-0.004451	-8.902564
0.07	-0.004451	-8.902564
0.08	-0.004445	-8.890354
0.09	-0.004445	-8.890354
0.1	-0.004445	-8.890354
0.11	-0.004439	-8.878144
0.12	-0.004439	-8.878144
0.13	-0.004439	-8.878144
0.14	-0.004433	-8.865934
0.15	-0.004433	-8.865934
0.16	-0.004427	-8.853724
0.17	-0.004427	-8.853724
0.18	-0.004421	-8.841514
0.19	-0.004415	-8.829304
0.2	-0.004415	-8.829304
0.21	-0.004409	-8.817094
0.22	-0.004409	-8.817094
0.23	-0.004402	-8.804884
0.24	-0.004402	-8.804884
0.25	-0.004396	-8.792674
0.26	-0.00439	-8.780464
0.27	-0.004384	-8.768254
0.28	-0.004378	-8.756044
0.29	-0.004372	-8.743834
0.3	-0.004366	-8.731624
0.31	-0.00436	-8.719414
0.32	-0.00436	-8.719414
0.33	-0.004347	-8.694994
0.34	-0.004341	-8.682784
0.35	-0.004335	-8.670574
0.36	-0.004329	-8.658364
0.37	-0.004317	-8.633944
0.38	-0.004311	-8.621734
0.39	-0.004299	-8.597314
0.4	-0.004293	-8.585104
0.41	-0.00428	-8.560684
0.42	-0.004268	-8.536264
0.43	-0.004256	-8.511844
0.44	-0.004244	-8.487424
0.45	-0.004225	-8.450794
0.46	-0.004213	-8.426374
0.47	-0.004189	-8.377534
0.48	-0.00417	-8.340904
0.49	-0.004146	-8.292063
0.5	-0.004122	-8.243223
0.51	-0.004085	-8.169963
0.52	-0.004061	-8.121123
0.53	-0.004012	-8.023443
0.54	-0.003981	-7.962393
0.55	-0.003908	-7.815873
0.56	-0.003847	-7.693773
0.57	-0.003768	-7.535043
0.58	-0.0037	-7.400733
0.59	-0.003578	-7.156532
0.6	-0.003481	-6.961172
0.61	-0.00331	-6.619292
0.62	-0.003181	-6.362882
0.63	-0.002962	-5.923321
0.64	-0.002791	-5.581441
0.65	-0.002504	-5.00757
0.66	-0.002296	-4.59243
0.67	-0.001936	-3.872039
0.68	-0.001667	-3.334799
0.69	-0.001246	-2.492308
0.7	-0.000954	-1.908037
0.71	-0.000476	-0.951037
0.72	-0.000111	-0.221369
0.73	0.000433	0.86641
0.74	0.000814	1.627855
0.75	0.001422	2.843468
0.76	0.001849	3.698168
0.77	0.002496	4.99243
0.78	0.002924	5.847131
0.79	0.003613	7.226862
0.8	0.00409	8.179243
0.81	0.004786	9.571184
0.82	0.005274	10.547985
0.83	0.006019	12.037607
0.84	0.006526	13.051038
0.85	0.007258	14.516239
0.86	0.007771	15.54188
0.87	0.008571	17.141392
0.88	0.009102	18.203663
0.89	0.009883	19.766545
0.9	0.010414	20.828816
0.91	0.011348	22.695971
0.92	0.011958	23.916972
0.93	0.012752	25.504274
0.94	0.013302	26.603175
0.95	0.014156	28.312576
0.96	0.014706	29.411477
0.97	0.015499	30.998779
0.98	0.01611	32.21978
0.99	0.016965	33.929182
1	0.017514	35.028083
1.01	0.018308	36.615385
1.02	0.018918	37.836386
1.03	0.019773	39.545788
1.04	0.020322	40.644689
1.05	0.021116	42.23199
1.06	0.021849	43.697192
1.07	0.02252	45.040293
1.08	0.023131	46.261294
1.09	0.023924	47.848596
1.1	0.024535	49.069597
1.11	0.025389	50.778999
1.12	0.025939	51.8779
1.13	0.026061	52.1221
1.14	0.026916	53.831502
1.15	0.026916	53.831502
1.16	0.026977	53.953602
1.17	0.026916	53.831502
1.18	0.026916	53.831502
1.19	0.026916	53.831502
1.2	0.026916	53.831502
1.21	0.026916	53.831502
1.22	0.026916	53.831502
1.23	0.026855	53.709402
1.24	0.026855	53.709402
1.25	0.026855	53.709402
1.26	0.026855	53.709402
1.27	0.026855	53.709402
1.28	0.026855	53.709402
1.29	0.026855	53.709402
1.3	0.026855	53.709402
1.31	0.026855	53.709402
1.32	0.026794	53.587302
1.33	0.026855	53.709402
1.34	0.026794	53.587302
1.35	0.026794	53.587302
1.36	0.026794	53.587302
1.37	0.026794	53.587302
1.38	0.026794	53.587302
1.39	0.026794	53.587302
1.4	0.026794	53.587302
1.41	0.026794	53.587302
1.42	0.026794	53.587302
1.43	0.026794	53.587302
1.44	0.026794	53.587302
1.45	0.026733	53.465201
1.46	0.026733	53.465201
1.47	0.026794	53.587302
1.48	0.026733	53.465201
1.49	0.026733	53.465201
1.5	0.026733	53.465201
1.51	0.026733	53.465201
1.52	0.026733	53.465201
1.53	0.026733	53.465201
1.54	0.026733	53.465201
1.55	0.026733	53.465201
1.56	0.026733	53.465201
1.57	0.026733	53.465201
1.58	0.026733	53.465201
1.59	0.026733	53.465201
1.6	0.026733	53.465201
1.61	0.026733	53.465201
1.62	0.026733	53.465201
1.63	0.026733	53.465201
1.64	0.026733	53.465201
1.65	0.026733	53.465201
1.66	0.026672	53.343101
1.67	0.026672	53.343101
1.68	0.026733	53.465201
1.69	0.026733	53.465201
1.7	0.026672	53.343101
1.71	0.026672	53.343101
1.72	0.026672	53.343101
1.73	0.026672	53.343101
1.74	0.026672	53.343101
1.75	0.026672	53.343101
1.76	0.026672	53.343101
1.77	0.026672	53.343101
1.78	0.026672	53.343101
1.79	0.026672	53.343101
1.8	0.026672	53.343101
1.81	0.026672	53.343101
1.82	0.026672	53.343101
1.83	0.026672	53.343101
1.84	0.026672	53.343101
1.85	0.026672	53.343101
1.86	0.026672	53.343101
1.87	0.026611	53.221001
1.88	0.026611	53.221001
1.89	0.026672	53.343101
1.9	0.026672	53.343101
1.91	0.026611	53.221001
1.92	0.026672	53.343101
1.93	0.026672	53.343101
1.94	0.026611	53.221001
1.95	0.026611	53.221001
1.96	0.026611	53.221001
1.97	0.026611	53.221001
1.98	0.026611	53.221001
1.99	0.026611	53.221001
