-0.01	-0.004463	-8.926984
0	-0.004457	-8.914774
0.01	-0.004451	-8.902564
0.02	-0.004451	-8.902564
0.03	-0.004445	-8.890354
0.04	-0.004445	-8.890354
0.05	-0.004439	-8.878144
0.06	-0.004439	-8.878144
0.07	-0.004433	-8.865934
0.08	-0.004427	-8.853724
0.09	-0.004421	-8.841514
0.1	-0.004421	-8.841514
0.11	-0.004415	-8.829304
0.12	-0.004409	-8.817094
0.13	-0.004402	-8.804884
0.14	-0.004396	-8.792674
0.15	-0.00439	-8.780464
0.16	-0.004384	-8.768254
0.17	-0.004378	-8.756044
0.18	-0.004366	-8.731624
0.19	-0.00436	-8.719414
0.2	-0.004354	-8.707204
0.21	-0.004341	-8.682784
0.22	-0.004335	-8.670574
0.23	-0.004323	-8.646154
0.24	-0.004311	-8.621734
0.25	-0.004299	-8.597314
0.26	-0.004286	-8.572894
0.27	-0.004268	-8.536264
0.28	-0.004256	-8.511844
0.29	-0.004238	-8.475214
0.3	-0.004225	-8.450794
0.31	-0.004195	-8.389744
0.32	-0.004177	-8.353114
0.33	-0.00414	-8.279853
0.34	-0.004116	-8.231013
0.35	-0.004073	-8.145543
0.36	-0.004036	-8.072283
0.37	-0.003975	-7.950183
0.38	-0.003932	-7.864713
0.39	-0.003853	-7.705983
0.4	-0.003792	-7.583883
0.41	-0.003688	-7.376313
0.42	-0.003603	-7.205372
0.43	-0.003468	-6.936752
0.44	-0.003358	-6.716972
0.45	-0.003181	-6.362882
0.46	-0.003041	-6.082051
0.47	-0.002815	-5.630281
0.48	-0.002644	-5.2884
0.49	-0.002363	-4.72674
0.5	-0.00215	-4.299389
0.51	-0.001808	-3.615629
0.52	-0.001564	-3.127228
0.53	-0.001167	-2.333578
0.54	-0.000917	-1.834704
0.55	-0.000444	-0.888703
0.56	-5.659628E-5	-0.113193
0.57	0.00036	0.720965
0.58	0.000716	1.432299
0.59	0.001257	2.513797
0.6	0.001648	3.295238
0.61	0.002234	4.467399
0.62	0.002649	5.29768
0.63	0.003259	6.518681
0.64	0.003693	7.385592
0.65	0.00434	8.679853
0.66	0.004773	9.546764
0.67	0.005463	10.926496
0.68	0.005939	11.878877
0.69	0.006629	13.258608
0.7	0.007093	14.186569
0.71	0.007826	15.65177
0.72	0.008308	16.616361
0.73	0.009041	18.081563
0.74	0.009547	19.094994
0.75	0.010317	20.633455
0.76	0.010823	21.646886
0.77	0.011775	23.550672
0.78	0.012325	24.649573
0.79	0.013057	26.114774
0.8	0.013607	27.213675
0.81	0.0144	28.800977
0.82	0.01495	29.899878
0.83	0.015744	31.487179
0.84	0.016232	32.46398
0.85	0.017148	34.295482
0.86	0.017636	35.272283
0.87	0.018491	36.981685
0.88	0.01904	38.080586
0.89	0.019834	39.667888
0.9	0.020383	40.766789
0.91	0.021238	42.47619
0.92	0.021788	43.575092
0.93	0.022581	45.162393
0.94	0.023131	46.261294
0.95	0.023985	47.970696
0.96	0.024535	49.069597
0.97	0.025389	50.778999
0.98	0.025939	51.8779
0.99	0.026061	52.1221
1	0.026916	53.831502
1.01	0.026855	53.709402
1.02	0.026916	53.831502
1.03	0.026855	53.709402
1.04	0.026855	53.709402
1.05	0.026855	53.709402
1.06	0.026855	53.709402
1.07	0.026855	53.709402
1.08	0.026794	53.587302
1.09	0.026794	53.587302
1.1	0.026855	53.709402
1.11	0.026794	53.587302
1.12	0.026794	53.587302
1.13	0.026855	53.709402
1.14	0.026794	53.587302
1.15	0.026794	53.587302
1.16	0.026733	53.465201
1.17	0.026794	53.587302
1.18	0.026794	53.587302
1.19	0.026794	53.587302
1.2	0.026794	53.587302
1.21	0.026794	53.587302
1.22	0.026733	53.465201
1.23	0.026733	53.465201
1.24	0.026733	53.465201
1.25	0.026733	53.465201
1.26	0.026733	53.465201
1.27	0.026733	53.465201
1.28	0.026733	53.465201
1.29	0.026733	53.465201
1.3	0.026733	53.465201
1.31	0.026733	53.465201
1.32	0.026733	53.465201
1.33	0.026733	53.465201
1.34	0.026672	53.343101
1.35	0.026672	53.343101
1.36	0.026672	53.343101
1.37	0.026733	53.465201
1.38	0.026733	53.465201
1.39	0.026672	53.343101
1.4	0.026672	53.343101
1.41	0.026672	53.343101
1.42	0.026672	53.343101
1.43	0.026672	53.343101
1.44	0.026672	53.343101
1.45	0.026672	53.343101
1.46	0.026672	53.343101
1.47	0.026672	53.343101
1.48	0.026672	53.343101
1.49	0.026672	53.343101
1.5	0.026672	53.343101
1.51	0.026611	53.221001
1.52	0.026672	53.343101
1.53	0.026672	53.343101
1.54	0.026611	53.221001
1.55	0.026611	53.221001
1.56	0.026672	53.343101
1.57	0.026672	53.343101
1.58	0.026672	53.343101
1.59	0.026672	53.343101
1.6	0.026672	53.343101
1.61	0.026611	53.221001
1.62	0.026611	53.221001
1.63	0.026611	53.221001
1.64	0.026611	53.221001
1.65	0.026611	53.221001
1.66	0.026611	53.221001
1.67	0.026611	53.221001
1.68	0.026611	53.221001
1.69	0.026611	53.221001
1.7	0.026611	53.221001
1.71	0.026611	53.221001
1.72	0.026611	53.221001
1.73	0.026611	53.221001
1.74	0.026611	53.221001
1.75	0.026611	53.221001
1.76	0.026611	53.221001
1.77	0.026611	53.221001
1.78	0.026611	53.221001
1.79	0.026549	53.098901
1.8	0.026611	53.221001
1.81	0.026611	53.221001
1.82	0.026549	53.098901
1.83	0.026549	53.098901
1.84	0.026611	53.221001
1.85	0.026611	53.221001
1.86	0.026611	53.221001
1.87	0.026611	53.221001
1.88	0.026611	53.221001
1.89	0.026549	53.098901
1.9	0.026549	53.098901
1.91	0.026549	53.098901
1.92	0.026549	53.098901
1.93	0.026549	53.098901
1.94	0.026549	53.098901
1.95	0.026549	53.098901
1.96	0.026549	53.098901
1.97	0.026549	53.098901
1.98	0.026549	53.098901
1.99	0.026549	53.098901
