-0.01	-3.036218E-7	-0.000607
0	1.733089E-8	3.466178E-5
0.01	1.054872E-7	0.000211
0.02	8.306284E-7	0.001661
0.03	1.343473E-6	0.002687
0.04	1.657944E-6	0.003316
0.05	2.163565E-6	0.004327
0.06	2.496536E-6	0.004993
0.07	3.008323E-6	0.006017
0.08	3.384456E-6	0.006769
0.09	3.890077E-6	0.00778
0.1	4.210715E-6	0.008421
0.11	4.728668E-6	0.009457
0.12	5.080137E-6	0.01016
0.13	5.653585E-6	0.011307
0.14	6.060548E-6	0.012121
0.15	6.597E-6	0.013194
0.16	7.034794E-6	0.01407
0.17	7.645239E-6	0.01529
0.18	8.021372E-6	0.016043
0.19	8.668814E-6	0.017338
0.2	9.08811E-6	0.018176
0.21	9.840375E-6	0.019681
0.22	1.027817E-5	0.020556
0.23	1.10551E-5	0.02211
0.24	1.148157E-5	0.022963
0.25	1.233712E-5	0.024674
0.26	1.288712E-5	0.025774
0.27	1.368157E-5	0.027363
0.28	1.429268E-5	0.028585
0.29	1.527046E-5	0.030541
0.3	1.582046E-5	0.031641
0.31	1.692046E-5	0.033841
0.32	1.777602E-5	0.035552
0.33	1.912046E-5	0.038241
0.34	1.98538E-5	0.039708
0.35	2.107602E-5	0.042152
0.36	2.235936E-5	0.044719
0.37	2.437602E-5	0.048752
0.38	2.529269E-5	0.050585
0.39	2.761492E-5	0.05523
0.4	2.938714E-5	0.058774
0.41	3.232048E-5	0.064641
0.42	3.458159E-5	0.069163
0.43	3.849271E-5	0.076985
0.44	4.160937E-5	0.083219
0.45	4.717049E-5	0.094341
0.46	5.15705E-5	0.103141
0.47	5.933161E-5	0.118663
0.48	6.574829E-5	0.131497
0.49	7.809274E-5	0.156185
0.5	8.774831E-5	0.175497
0.51	0.000106	0.212286
0.52	0.00012	0.240631
0.53	0.000148	0.296854
0.54	0.000172	0.34452
0.55	0.000214	0.427632
0.56	0.000256	0.511965
0.57	0.000308	0.615854
0.58	0.000362	0.724632
0.59	0.000456	0.912854
0.6	0.000529	1.057077
0.61	0.000667	1.334521
0.62	0.000776	1.552077
0.63	0.000961	1.921189
0.64	0.00111	2.220757
0.65	0.001373	2.745788
0.66	0.001568	3.136508
0.67	0.001898	3.795849
0.68	0.002136	4.272039
0.69	0.002545	5.09011
0.7	0.002844	5.6884
0.71	0.003333	6.665201
0.72	0.003656	7.312332
0.73	0.004206	8.411233
0.74	0.00459	9.180464
0.75	0.005189	10.377045
0.76	0.00561	11.219536
0.77	0.006269	12.538217
0.78	0.006703	13.405128
0.79	0.007392	14.78486
0.8	0.00785	15.700611
0.81	0.008565	17.129182
0.82	0.009065	18.130403
0.83	0.009798	19.595604
0.84	0.010311	20.621245
0.85	0.011226	22.45177
0.86	0.011775	23.550672
0.87	0.01263	25.260073
0.88	0.013118	26.236874
0.89	0.013912	27.824176
0.9	0.014523	29.045177
0.91	0.015316	30.632479
0.92	0.015866	31.73138
0.93	0.01672	33.440781
0.94	0.01727	34.539683
0.95	0.018063	36.126984
0.96	0.018674	37.347985
0.97	0.019529	39.057387
0.98	0.020078	40.156288
0.99	0.020933	41.86569
1	0.021543	43.086691
1.01	0.022398	44.796093
1.02	0.022947	45.894994
1.03	0.023863	47.726496
1.04	0.024413	48.825397
1.05	0.025328	50.656899
1.06	0.026061	52.1221
1.07	0.026733	53.465201
1.08	0.026427	52.854701
1.09	0.027526	55.052503
1.1	0.027526	55.052503
1.11	0.027526	55.052503
1.12	0.027526	55.052503
1.13	0.027465	54.930403
1.14	0.027465	54.930403
1.15	0.027465	54.930403
1.16	0.027465	54.930403
1.17	0.027465	54.930403
1.18	0.027465	54.930403
1.19	0.027404	54.808303
1.2	0.027404	54.808303
1.21	0.027404	54.808303
1.22	0.027404	54.808303
1.23	0.027404	54.808303
1.24	0.027404	54.808303
1.25	0.027404	54.808303
1.26	0.027404	54.808303
1.27	0.027343	54.686203
1.28	0.027404	54.808303
1.29	0.027343	54.686203
1.3	0.027343	54.686203
1.31	0.027343	54.686203
1.32	0.027343	54.686203
1.33	0.027343	54.686203
1.34	0.027343	54.686203
1.35	0.027343	54.686203
1.36	0.027343	54.686203
1.37	0.027282	54.564103
1.38	0.027343	54.686203
1.39	0.027343	54.686203
1.4	0.027282	54.564103
1.41	0.027282	54.564103
1.42	0.027282	54.564103
1.43	0.027282	54.564103
1.44	0.027282	54.564103
1.45	0.027282	54.564103
1.46	0.027221	54.442002
1.47	0.027282	54.564103
1.48	0.027282	54.564103
1.49	0.027221	54.442002
1.5	0.027282	54.564103
1.51	0.027221	54.442002
1.52	0.027221	54.442002
1.53	0.027282	54.564103
1.54	0.027282	54.564103
1.55	0.027221	54.442002
1.56	0.027221	54.442002
1.57	0.027221	54.442002
1.58	0.027221	54.442002
1.59	0.027221	54.442002
1.6	0.027221	54.442002
1.61	0.027221	54.442002
1.62	0.027221	54.442002
1.63	0.027221	54.442002
1.64	0.027221	54.442002
1.65	0.027221	54.442002
1.66	0.02716	54.319902
1.67	0.02716	54.319902
1.68	0.027221	54.442002
1.69	0.027221	54.442002
1.7	0.02716	54.319902
1.71	0.02716	54.319902
1.72	0.02716	54.319902
1.73	0.02716	54.319902
1.74	0.02716	54.319902
1.75	0.02716	54.319902
1.76	0.02716	54.319902
1.77	0.02716	54.319902
1.78	0.02716	54.319902
1.79	0.02716	54.319902
1.8	0.02716	54.319902
1.81	0.02716	54.319902
1.82	0.02716	54.319902
1.83	0.02716	54.319902
1.84	0.02716	54.319902
1.85	0.02716	54.319902
1.86	0.027099	54.197802
1.87	0.02716	54.319902
1.88	0.02716	54.319902
1.89	0.027099	54.197802
1.9	0.027099	54.197802
1.91	0.027099	54.197802
1.92	0.027099	54.197802
1.93	0.027099	54.197802
1.94	0.027099	54.197802
1.95	0.027099	54.197802
1.96	0.02716	54.319902
1.97	0.027099	54.197802
1.98	0.027099	54.197802
1.99	0.027099	54.197802
