-0.01	-0.004463	-8.926984
0	-0.004463	-8.926984
0.01	-0.004463	-8.926984
0.02	-0.004457	-8.914774
0.03	-0.004457	-8.914774
0.04	-0.004457	-8.914774
0.05	-0.004457	-8.914774
0.06	-0.004451	-8.902564
0.07	-0.004451	-8.902564
0.08	-0.004445	-8.890354
0.09	-0.004445	-8.890354
0.1	-0.004439	-8.878144
0.11	-0.004439	-8.878144
0.12	-0.004433	-8.865934
0.13	-0.004427	-8.853724
0.14	-0.004427	-8.853724
0.15	-0.004421	-8.841514
0.16	-0.004421	-8.841514
0.17	-0.004415	-8.829304
0.18	-0.004409	-8.817094
0.19	-0.004402	-8.804884
0.2	-0.004402	-8.804884
0.21	-0.004396	-8.792674
0.22	-0.00439	-8.780464
0.23	-0.004384	-8.768254
0.24	-0.004378	-8.756044
0.25	-0.004372	-8.743834
0.26	-0.004366	-8.731624
0.27	-0.00436	-8.719414
0.28	-0.004354	-8.707204
0.29	-0.004347	-8.694994
0.3	-0.004341	-8.682784
0.31	-0.004329	-8.658364
0.32	-0.004323	-8.646154
0.33	-0.004311	-8.621734
0.34	-0.004305	-8.609524
0.35	-0.004293	-8.585104
0.36	-0.00428	-8.560684
0.37	-0.004268	-8.536264
0.38	-0.004256	-8.511844
0.39	-0.004238	-8.475214
0.4	-0.004225	-8.450794
0.41	-0.004201	-8.401954
0.42	-0.004183	-8.365324
0.43	-0.004152	-8.304274
0.44	-0.004128	-8.255433
0.45	-0.004091	-8.182173
0.46	-0.004061	-8.121123
0.47	-0.004012	-8.023443
0.48	-0.003969	-7.937973
0.49	-0.003896	-7.791453
0.5	-0.003841	-7.681563
0.51	-0.003749	-7.498413
0.52	-0.00367	-7.339683
0.53	-0.003542	-7.083272
0.54	-0.003444	-6.887912
0.55	-0.003279	-6.558242
0.56	-0.003114	-6.228571
0.57	-0.002919	-5.837851
0.58	-0.002754	-5.508181
0.59	-0.002473	-4.94652
0.6	-0.002266	-4.53138
0.61	-0.001924	-3.847619
0.62	-0.001667	-3.334799
0.63	-0.001258	-2.516728
0.64	-0.00099	-1.980149
0.65	-0.000491	-0.982814
0.66	-0.000178	-0.355814
0.67	0.00037	0.739299
0.68	0.000748	1.495855
0.69	0.001312	2.623687
0.7	0.001727	3.453968
0.71	0.002368	4.73602
0.72	0.002783	5.5663
0.73	0.003449	6.897192
0.74	0.003913	7.825153
0.75	0.004621	9.241514
0.76	0.005085	10.169475
0.77	0.00583	11.659096
0.78	0.006336	12.672527
0.79	0.007081	14.162149
0.8	0.007606	15.21221
0.81	0.008388	16.775092
0.82	0.0089	17.800733
0.83	0.00967	19.339194
0.84	0.010213	20.425885
0.85	0.011226	22.45177
0.86	0.011775	23.550672
0.87	0.012569	25.137973
0.88	0.013179	26.358974
0.89	0.013973	27.946276
0.9	0.014523	29.045177
0.91	0.015377	30.754579
0.92	0.015988	31.97558
0.93	0.016842	33.684982
0.94	0.017392	34.783883
0.95	0.018308	36.615385
0.96	0.018857	37.714286
0.97	0.019712	39.423687
0.98	0.020322	40.644689
0.99	0.021177	42.35409
1	0.021788	43.575092
1.01	0.022642	45.284493
1.02	0.023253	46.505495
1.03	0.024046	48.092796
1.04	0.024718	49.435897
1.05	0.025573	51.145299
1.06	0.025634	51.267399
1.07	0.026122	52.2442
1.08	0.026916	53.831502
1.09	0.026916	53.831502
1.1	0.026916	53.831502
1.11	0.026916	53.831502
1.12	0.026916	53.831502
1.13	0.026916	53.831502
1.14	0.026916	53.831502
1.15	0.026855	53.709402
1.16	0.026855	53.709402
1.17	0.026855	53.709402
1.18	0.026855	53.709402
1.19	0.026855	53.709402
1.2	0.026855	53.709402
1.21	0.026855	53.709402
1.22	0.026794	53.587302
1.23	0.026794	53.587302
1.24	0.026794	53.587302
1.25	0.026794	53.587302
1.26	0.026794	53.587302
1.27	0.026794	53.587302
1.28	0.026794	53.587302
1.29	0.026794	53.587302
1.3	0.026794	53.587302
1.31	0.026794	53.587302
1.32	0.026794	53.587302
1.33	0.026733	53.465201
1.34	0.026794	53.587302
1.35	0.026733	53.465201
1.36	0.026794	53.587302
1.37	0.026733	53.465201
1.38	0.026733	53.465201
1.39	0.026733	53.465201
1.4	0.026733	53.465201
1.41	0.026733	53.465201
1.42	0.026733	53.465201
1.43	0.026733	53.465201
1.44	0.026733	53.465201
1.45	0.026733	53.465201
1.46	0.026733	53.465201
1.47	0.026733	53.465201
1.48	0.026733	53.465201
1.49	0.026733	53.465201
1.5	0.026733	53.465201
1.51	0.026733	53.465201
1.52	0.026672	53.343101
1.53	0.026733	53.465201
1.54	0.026733	53.465201
1.55	0.026672	53.343101
1.56	0.026672	53.343101
1.57	0.026672	53.343101
1.58	0.026672	53.343101
1.59	0.026672	53.343101
1.6	0.026672	53.343101
1.61	0.026672	53.343101
1.62	0.026672	53.343101
1.63	0.026672	53.343101
1.64	0.026672	53.343101
1.65	0.026672	53.343101
1.66	0.026672	53.343101
1.67	0.026672	53.343101
1.68	0.026672	53.343101
1.69	0.026611	53.221001
1.7	0.026672	53.343101
1.71	0.026672	53.343101
1.72	0.026611	53.221001
1.73	0.026672	53.343101
1.74	0.026672	53.343101
1.75	0.026611	53.221001
1.76	0.026611	53.221001
1.77	0.026672	53.343101
1.78	0.026611	53.221001
1.79	0.026611	53.221001
1.8	0.026611	53.221001
1.81	0.026611	53.221001
1.82	0.026611	53.221001
1.83	0.026611	53.221001
1.84	0.026611	53.221001
1.85	0.026611	53.221001
1.86	0.026611	53.221001
1.87	0.026611	53.221001
1.88	0.026611	53.221001
1.89	0.026611	53.221001
1.9	0.026611	53.221001
1.91	0.026611	53.221001
1.92	0.026611	53.221001
1.93	0.026611	53.221001
1.94	0.026611	53.221001
1.95	0.026549	53.098901
1.96	0.026611	53.221001
1.97	0.026611	53.221001
1.98	0.026611	53.221001
1.99	0.026611	53.221001
