-0.01	-7.763939E-7	-0.001553
0	5.115263E-8	0.000102
0.01	1.368137E-6	0.002736
0.02	2.200562E-6	0.004401
0.03	3.501612E-6	0.007003
0.04	4.3772E-6	0.008754
0.05	5.672083E-6	0.011344
0.06	6.584668E-6	0.013169
0.07	7.941213E-6	0.015882
0.08	8.859963E-6	0.01772
0.09	1.0272E-5	0.020544
0.1	1.11149E-5	0.02223
0.11	1.282601E-5	0.025652
0.12	1.374268E-5	0.027485
0.13	1.533157E-5	0.030663
0.14	1.624824E-5	0.032496
0.15	1.789824E-5	0.035796
0.16	1.905935E-5	0.038119
0.17	2.089269E-5	0.041785
0.18	2.193158E-5	0.043863
0.19	2.413158E-5	0.048263
0.2	2.529269E-5	0.050585
0.21	2.749269E-5	0.054985
0.22	2.926492E-5	0.05853
0.23	3.170937E-5	0.063419
0.24	3.35427E-5	0.067085
0.25	3.635381E-5	0.072708
0.26	3.861493E-5	0.07723
0.27	4.234271E-5	0.084685
0.28	4.515382E-5	0.090308
0.29	4.973716E-5	0.099474
0.3	5.303716E-5	0.106074
0.31	5.914828E-5	0.118297
0.32	6.403718E-5	0.128074
0.33	7.234829E-5	0.144697
0.34	7.89483E-5	0.157897
0.35	9.007053E-5	0.180141
0.36	9.984832E-5	0.199697
0.37	0.000117	0.233298
0.38	0.000131	0.261409
0.39	0.000155	0.309076
0.4	0.000173	0.345743
0.41	0.000208	0.416632
0.42	0.000237	0.474076
0.43	0.000287	0.574298
0.44	0.000327	0.654965
0.45	0.000403	0.806521
0.46	0.000462	0.923854
0.47	0.000565	1.129188
0.48	0.000643	1.285632
0.49	0.000795	1.589966
0.5	0.00091	1.820966
0.51	0.001092	2.184127
0.52	0.001245	2.489377
0.53	0.001501	3.002198
0.54	0.001684	3.368498
0.55	0.002014	4.027839
0.56	0.002313	4.626129
0.57	0.002624	5.24884
0.58	0.002899	5.798291
0.59	0.003333	6.665201
0.6	0.00365	7.300122
0.61	0.004138	8.276923
0.62	0.004486	8.972894
0.63	0.005042	10.084005
0.64	0.005408	10.816606
0.65	0.005994	11.988767
0.66	0.006403	12.806838
0.67	0.00702	14.040049
0.68	0.007417	14.8337
0.69	0.008088	16.176801
0.7	0.008534	17.068132
0.71	0.009212	18.423443
0.72	0.009657	19.314774
0.73	0.010359	20.718926
0.74	0.01083	21.659096
0.75	0.011714	23.428571
0.76	0.012203	24.405372
0.77	0.012935	25.870574
0.78	0.013424	26.847375
0.79	0.014217	28.434676
0.8	0.014706	29.411477
0.81	0.015499	30.998779
0.82	0.016049	32.09768
0.83	0.016781	33.562882
0.84	0.01727	34.539683
0.85	0.018125	36.249084
0.86	0.018613	37.225885
0.87	0.019407	38.813187
0.88	0.019956	39.912088
0.89	0.02075	41.499389
0.9	0.021299	42.598291
0.91	0.022093	44.185592
0.92	0.022642	45.284493
0.93	0.023436	46.871795
0.94	0.023985	47.970696
0.95	0.024779	49.557998
0.96	0.025328	50.656899
0.97	0.026122	52.2442
0.98	0.026672	53.343101
0.99	0.026672	53.343101
1	0.027526	55.052503
1.01	0.027526	55.052503
1.02	0.027526	55.052503
1.03	0.027526	55.052503
1.04	0.027465	54.930403
1.05	0.027465	54.930403
1.06	0.027465	54.930403
1.07	0.027465	54.930403
1.08	0.027465	54.930403
1.09	0.027465	54.930403
1.1	0.027465	54.930403
1.11	0.027465	54.930403
1.12	0.027465	54.930403
1.13	0.027404	54.808303
1.14	0.027404	54.808303
1.15	0.027404	54.808303
1.16	0.027404	54.808303
1.17	0.027404	54.808303
1.18	0.027404	54.808303
1.19	0.027404	54.808303
1.2	0.027404	54.808303
1.21	0.027343	54.686203
1.22	0.027343	54.686203
1.23	0.027404	54.808303
1.24	0.027343	54.686203
1.25	0.027343	54.686203
1.26	0.027343	54.686203
1.27	0.027343	54.686203
1.28	0.027343	54.686203
1.29	0.027343	54.686203
1.3	0.027343	54.686203
1.31	0.027282	54.564103
1.32	0.027282	54.564103
1.33	0.027282	54.564103
1.34	0.027282	54.564103
1.35	0.027282	54.564103
1.36	0.027282	54.564103
1.37	0.027282	54.564103
1.38	0.027282	54.564103
1.39	0.027282	54.564103
1.4	0.027282	54.564103
1.41	0.027282	54.564103
1.42	0.027282	54.564103
1.43	0.027282	54.564103
1.44	0.027282	54.564103
1.45	0.027282	54.564103
1.46	0.027221	54.442002
1.47	0.027221	54.442002
1.48	0.027221	54.442002
1.49	0.027221	54.442002
1.5	0.027221	54.442002
1.51	0.027221	54.442002
1.52	0.027221	54.442002
1.53	0.027221	54.442002
1.54	0.027221	54.442002
1.55	0.027221	54.442002
1.56	0.027221	54.442002
1.57	0.027221	54.442002
1.58	0.027221	54.442002
1.59	0.027221	54.442002
1.6	0.027221	54.442002
1.61	0.027221	54.442002
1.62	0.027221	54.442002
1.63	0.02716	54.319902
1.64	0.02716	54.319902
1.65	0.027221	54.442002
1.66	0.027221	54.442002
1.67	0.02716	54.319902
1.68	0.027221	54.442002
1.69	0.027221	54.442002
1.7	0.02716	54.319902
1.71	0.02716	54.319902
1.72	0.027221	54.442002
1.73	0.02716	54.319902
1.74	0.02716	54.319902
1.75	0.02716	54.319902
1.76	0.02716	54.319902
1.77	0.02716	54.319902
1.78	0.02716	54.319902
1.79	0.02716	54.319902
1.8	0.02716	54.319902
1.81	0.02716	54.319902
1.82	0.02716	54.319902
1.83	0.02716	54.319902
1.84	0.027099	54.197802
1.85	0.02716	54.319902
1.86	0.02716	54.319902
1.87	0.027099	54.197802
1.88	0.027099	54.197802
1.89	0.027099	54.197802
1.9	0.027099	54.197802
1.91	0.027099	54.197802
1.92	0.027099	54.197802
1.93	0.02716	54.319902
1.94	0.027099	54.197802
1.95	0.027099	54.197802
1.96	0.027099	54.197802
1.97	0.027099	54.197802
1.98	0.027099	54.197802
1.99	0.027099	54.197802
