-0.01	-0.005092	-10.184615
0	-0.005092	-10.184615
0.01	-0.005086	-10.172405
0.02	-0.005086	-10.172405
0.03	-0.005086	-10.172405
0.04	-0.005086	-10.172405
0.05	-0.00508	-10.160195
0.06	-0.00508	-10.160195
0.07	-0.00508	-10.160195
0.08	-0.00508	-10.160195
0.09	-0.005074	-10.147985
0.1	-0.005074	-10.147985
0.11	-0.005068	-10.135775
0.12	-0.005068	-10.135775
0.13	-0.005062	-10.123565
0.14	-0.005062	-10.123565
0.15	-0.005056	-10.111355
0.16	-0.005056	-10.111355
0.17	-0.00505	-10.099145
0.18	-0.00505	-10.099145
0.19	-0.005043	-10.086935
0.2	-0.005037	-10.074725
0.21	-0.005037	-10.074725
0.22	-0.005031	-10.062515
0.23	-0.005031	-10.062515
0.24	-0.005025	-10.050305
0.25	-0.005019	-10.038095
0.26	-0.005019	-10.038095
0.27	-0.005007	-10.013675
0.28	-0.005007	-10.013675
0.29	-0.005001	-10.001465
0.3	-0.004995	-9.989255
0.31	-0.004989	-9.977045
0.32	-0.004982	-9.964835
0.33	-0.004976	-9.952625
0.34	-0.00497	-9.940415
0.35	-0.004958	-9.915995
0.36	-0.004952	-9.903785
0.37	-0.004946	-9.891575
0.38	-0.00494	-9.879365
0.39	-0.004927	-9.854945
0.4	-0.004921	-9.842735
0.41	-0.004909	-9.818315
0.42	-0.004897	-9.793895
0.43	-0.004885	-9.769475
0.44	-0.004873	-9.745055
0.45	-0.00486	-9.720635
0.46	-0.004848	-9.696215
0.47	-0.00483	-9.659585
0.48	-0.004818	-9.635165
0.49	-0.004793	-9.586325
0.5	-0.004781	-9.561905
0.51	-0.004757	-9.513065
0.52	-0.004738	-9.476435
0.53	-0.004702	-9.403175
0.54	-0.004677	-9.354335
0.55	-0.004641	-9.281074
0.56	-0.004598	-9.195604
0.57	-0.004549	-9.097924
0.58	-0.004506	-9.012454
0.59	-0.004427	-8.853724
0.6	-0.004372	-8.743834
0.61	-0.004268	-8.536264
0.62	-0.004183	-8.365324
0.63	-0.004042	-8.084493
0.64	-0.003932	-7.864713
0.65	-0.003731	-7.461783
0.66	-0.003584	-7.168742
0.67	-0.003328	-6.655922
0.68	-0.003133	-6.265201
0.69	-0.002809	-5.618071
0.7	-0.002571	-5.14188
0.71	-0.002174	-4.34823
0.72	-0.001875	-3.749939
0.73	-0.001411	-2.821978
0.74	-0.001087	-2.174847
0.75	-0.000579	-1.158814
0.76	-0.000182	-0.364369
0.77	0.000366	0.731965
0.78	0.000785	1.569188
0.79	0.001385	2.770208
0.8	0.001812	3.624908
0.81	0.002453	4.90696
0.82	0.002917	5.834921
0.83	0.003589	7.178022
0.84	0.004041	8.081563
0.85	0.004737	9.473504
0.86	0.005213	10.425885
0.87	0.005933	11.866667
0.88	0.006385	12.770208
0.89	0.007112	14.223199
0.9	0.007618	15.23663
0.91	0.008333	16.665201
0.92	0.008803	17.605372
0.93	0.009566	19.131624
0.94	0.010042	20.084005
0.95	0.010781	21.561416
0.96	0.01147	22.940171
0.97	0.012203	24.405372
0.98	0.01263	25.260073
0.99	0.013363	26.725275
1	0.013912	27.824176
1.01	0.014645	29.289377
1.02	0.015072	30.144078
1.03	0.015805	31.60928
1.04	0.016293	32.586081
1.05	0.017026	34.051282
1.06	0.017575	35.150183
1.07	0.018125	36.249084
1.08	0.018674	37.347985
1.09	0.019284	38.568987
1.1	0.019773	39.545788
1.11	0.020444	40.888889
1.12	0.020872	41.74359
1.13	0.021543	43.086691
1.14	0.022093	44.185592
1.15	0.022642	45.284493
1.16	0.02307	46.139194
1.17	0.023741	47.482295
1.18	0.024168	48.336996
1.19	0.024718	49.435897
1.2	0.025267	50.534799
1.21	0.025939	51.8779
1.22	0.025756	51.5116
1.23	0.026427	52.854701
1.24	0.026916	53.831502
1.25	0.026855	53.709402
1.26	0.026855	53.709402
1.27	0.026855	53.709402
1.28	0.026855	53.709402
1.29	0.026855	53.709402
1.3	0.026855	53.709402
1.31	0.026855	53.709402
1.32	0.026855	53.709402
1.33	0.026794	53.587302
1.34	0.026794	53.587302
1.35	0.026794	53.587302
1.36	0.026794	53.587302
1.37	0.026794	53.587302
1.38	0.026794	53.587302
1.39	0.026794	53.587302
1.4	0.026794	53.587302
1.41	0.026794	53.587302
1.42	0.026794	53.587302
1.43	0.026733	53.465201
1.44	0.026733	53.465201
1.45	0.026794	53.587302
1.46	0.026794	53.587302
1.47	0.026733	53.465201
1.48	0.026794	53.587302
1.49	0.026733	53.465201
1.5	0.026733	53.465201
1.51	0.026733	53.465201
1.52	0.026733	53.465201
1.53	0.026733	53.465201
1.54	0.026733	53.465201
1.55	0.026733	53.465201
1.56	0.026733	53.465201
1.57	0.026733	53.465201
1.58	0.026733	53.465201
1.59	0.026733	53.465201
1.6	0.026733	53.465201
1.61	0.026733	53.465201
1.62	0.026733	53.465201
1.63	0.026733	53.465201
1.64	0.026672	53.343101
1.65	0.026672	53.343101
1.66	0.026672	53.343101
1.67	0.026733	53.465201
1.68	0.026672	53.343101
1.69	0.026672	53.343101
1.7	0.026672	53.343101
1.71	0.026733	53.465201
1.72	0.026672	53.343101
1.73	0.026672	53.343101
1.74	0.026672	53.343101
1.75	0.026672	53.343101
1.76	0.026672	53.343101
1.77	0.026672	53.343101
1.78	0.026672	53.343101
1.79	0.026672	53.343101
1.8	0.026672	53.343101
1.81	0.026611	53.221001
1.82	0.026672	53.343101
1.83	0.026672	53.343101
1.84	0.026611	53.221001
1.85	0.026672	53.343101
1.86	0.026672	53.343101
1.87	0.026672	53.343101
1.88	0.026672	53.343101
1.89	0.026672	53.343101
1.9	0.026611	53.221001
1.91	0.026611	53.221001
1.92	0.026672	53.343101
1.93	0.026611	53.221001
1.94	0.026611	53.221001
1.95	0.026672	53.343101
1.96	0.026672	53.343101
1.97	0.026611	53.221001
1.98	0.026611	53.221001
1.99	0.026611	53.221001
