-0.01	-0.003761	-7.522833
0	-0.003761	-7.522833
0.01	-0.003755	-7.510623
0.02	-0.003755	-7.510623
0.03	-0.003755	-7.510623
0.04	-0.003755	-7.510623
0.05	-0.003755	-7.510623
0.06	-0.003749	-7.498413
0.07	-0.003755	-7.510623
0.08	-0.003755	-7.510623
0.09	-0.003749	-7.498413
0.1	-0.003749	-7.498413
0.11	-0.003749	-7.498413
0.12	-0.003743	-7.486203
0.13	-0.003743	-7.486203
0.14	-0.003743	-7.486203
0.15	-0.003743	-7.486203
0.16	-0.003737	-7.473993
0.17	-0.003737	-7.473993
0.18	-0.003737	-7.473993
0.19	-0.003731	-7.461783
0.2	-0.003731	-7.461783
0.21	-0.003725	-7.449573
0.22	-0.003725	-7.449573
0.23	-0.003719	-7.437363
0.24	-0.003719	-7.437363
0.25	-0.003719	-7.437363
0.26	-0.003713	-7.425153
0.27	-0.003713	-7.425153
0.28	-0.003706	-7.412943
0.29	-0.0037	-7.400733
0.3	-0.0037	-7.400733
0.31	-0.003694	-7.388523
0.32	-0.003694	-7.388523
0.33	-0.003688	-7.376313
0.34	-0.003682	-7.364103
0.35	-0.003676	-7.351893
0.36	-0.003676	-7.351893
0.37	-0.00367	-7.339683
0.38	-0.003664	-7.327473
0.39	-0.003658	-7.315263
0.4	-0.003652	-7.303053
0.41	-0.003645	-7.290842
0.42	-0.003639	-7.278632
0.43	-0.003627	-7.254212
0.44	-0.003627	-7.254212
0.45	-0.003615	-7.229792
0.46	-0.003609	-7.217582
0.47	-0.003603	-7.205372
0.48	-0.003597	-7.193162
0.49	-0.003584	-7.168742
0.5	-0.003578	-7.156532
0.51	-0.003566	-7.132112
0.52	-0.00356	-7.119902
0.53	-0.003548	-7.095482
0.54	-0.003542	-7.083272
0.55	-0.003523	-7.046642
0.56	-0.003511	-7.022222
0.57	-0.003499	-6.997802
0.58	-0.003493	-6.985592
0.59	-0.003474	-6.948962
0.6	-0.003462	-6.924542
0.61	-0.003444	-6.887912
0.62	-0.003426	-6.851282
0.63	-0.003401	-6.802442
0.64	-0.003383	-6.765812
0.65	-0.003358	-6.716972
0.66	-0.003334	-6.668132
0.67	-0.003297	-6.594872
0.68	-0.003267	-6.533822
0.69	-0.003212	-6.423932
0.7	-0.003169	-6.338462
0.71	-0.003096	-6.191941
0.72	-0.003029	-6.057631
0.73	-0.002913	-5.825641
0.74	-0.002821	-5.642491
0.75	-0.00265	-5.300611
0.76	-0.002522	-5.0442
0.77	-0.002296	-4.59243
0.78	-0.002125	-4.250549
0.79	-0.001838	-3.676679
0.8	-0.001649	-3.298168
0.81	-0.001338	-2.675458
0.82	-0.001118	-2.235897
0.83	-0.000828	-1.656259
0.84	-0.00064	-1.279815
0.85	-0.000358	-0.715147
0.86	-0.000196	-0.39248
0.87	3.760589E-6	0.007521
0.88	0.00012	0.240631
0.89	0.000265	0.530298
0.9	0.000345	0.689187
0.91	0.000458	0.915299
0.92	0.000527	1.05341
0.93	0.00063	1.259966
0.94	0.000701	1.402966
0.95	0.000813	1.626633
0.96	0.000893	1.785522
0.97	0.001009	2.017744
0.98	0.001096	2.192522
0.99	0.00122	2.440537
1	0.001312	2.623687
1.01	0.001452	2.904518
1.02	0.001556	3.112088
1.03	0.001709	3.417338
1.04	0.001819	3.637118
1.05	0.001983	3.966789
1.06	0.002124	4.247619
1.07	0.002264	4.528449
1.08	0.002392	4.78486
1.09	0.002576	5.15116
1.1	0.002698	5.39536
1.11	0.002899	5.798291
1.12	0.003033	6.066911
1.13	0.003241	6.482051
1.14	0.003418	6.836142
1.15	0.003601	7.202442
1.16	0.003754	7.507692
1.17	0.00398	7.959463
1.18	0.004145	8.289133
1.19	0.00434	8.679853
1.2	0.004554	9.107204
1.21	0.004798	9.595604
1.22	0.004969	9.937485
1.23	0.005237	10.474725
1.24	0.005414	10.828816
1.25	0.005689	11.378266
1.26	0.005878	11.756777
1.27	0.006165	12.330647
1.28	0.006361	12.721368
1.29	0.006654	13.307448
1.3	0.006849	13.698168
1.31	0.00716	14.320879
1.32	0.007368	14.73602
1.33	0.007685	15.37094
1.34	0.007899	15.798291
1.35	0.008217	16.433211
1.36	0.008436	16.872772
1.37	0.008772	17.544322
1.38	0.008998	17.996093
1.39	0.009352	18.704274
1.4	0.00959	19.180464
1.41	0.009938	19.876435
1.42	0.010176	20.352625
1.43	0.01053	21.060806
1.44	0.010787	21.573626
1.45	0.011348	22.695971
1.46	0.011592	23.184371
1.47	0.01202	24.039072
1.48	0.012264	24.527473
1.49	0.01263	25.260073
1.5	0.012935	25.870574
1.51	0.013363	26.725275
1.52	0.013607	27.213675
1.53	0.014034	28.068376
1.54	0.014278	28.556777
1.55	0.014706	29.411477
1.56	0.015072	30.144078
1.57	0.015438	30.876679
1.58	0.015744	31.487179
1.59	0.016171	32.34188
1.6	0.016476	32.952381
1.61	0.016904	33.807082
1.62	0.017209	34.417582
1.63	0.017697	35.394383
1.64	0.018063	36.126984
1.65	0.01843	36.859585
1.66	0.018735	37.470085
1.67	0.019223	38.446886
1.68	0.019529	39.057387
1.69	0.019956	39.912088
1.7	0.020383	40.766789
1.71	0.020872	41.74359
1.72	0.021177	42.35409
1.73	0.021665	43.330891
1.74	0.022032	44.063492
1.75	0.022459	44.918193
1.76	0.022825	45.650794
1.77	0.023375	46.749695
1.78	0.023741	47.482295
1.79	0.02423	48.459096
1.8	0.024596	49.191697
1.81	0.025084	50.168498
1.82	0.025451	50.901099
1.83	0.026	52
1.84	0.026366	52.732601
1.85	0.026305	52.610501
1.86	0.027099	54.197802
1.87	0.027099	54.197802
1.88	0.027099	54.197802
1.89	0.027099	54.197802
1.9	0.027099	54.197802
1.91	0.027099	54.197802
1.92	0.027038	54.075702
1.93	0.027038	54.075702
1.94	0.027099	54.197802
1.95	0.027038	54.075702
1.96	0.027099	54.197802
1.97	0.027038	54.075702
1.98	0.027038	54.075702
1.99	0.027038	54.075702
