-0.01	-0.006271	-12.541148
0	-0.006264	-12.528938
0.01	-0.006258	-12.516728
0.02	-0.006252	-12.504518
0.03	-0.006252	-12.504518
0.04	-0.006246	-12.492308
0.05	-0.006234	-12.467888
0.06	-0.006234	-12.467888
0.07	-0.006228	-12.455678
0.08	-0.006222	-12.443468
0.09	-0.006216	-12.431258
0.1	-0.006203	-12.406838
0.11	-0.006197	-12.394628
0.12	-0.006191	-12.382418
0.13	-0.006179	-12.357998
0.14	-0.006173	-12.345788
0.15	-0.006161	-12.321368
0.16	-0.006155	-12.309158
0.17	-0.006142	-12.284737
0.18	-0.00613	-12.260317
0.19	-0.006118	-12.235897
0.2	-0.006112	-12.223687
0.21	-0.006094	-12.187057
0.22	-0.006081	-12.162637
0.23	-0.006063	-12.126007
0.24	-0.006051	-12.101587
0.25	-0.006032	-12.064957
0.26	-0.006014	-12.028327
0.27	-0.00599	-11.979487
0.28	-0.005971	-11.942857
0.29	-0.005941	-11.881807
0.3	-0.005916	-11.832967
0.31	-0.005874	-11.747497
0.32	-0.005843	-11.686447
0.33	-0.005794	-11.588767
0.34	-0.005752	-11.503297
0.35	-0.005684	-11.368987
0.36	-0.00563	-11.259096
0.37	-0.005538	-11.075946
0.38	-0.005471	-10.941636
0.39	-0.005355	-10.709646
0.4	-0.005263	-10.526496
0.41	-0.005111	-10.221245
0.42	-0.004995	-9.989255
0.43	-0.004793	-9.586325
0.44	-0.004653	-9.305495
0.45	-0.004415	-8.829304
0.46	-0.004232	-8.463004
0.47	-0.003932	-7.864713
0.48	-0.003719	-7.437363
0.49	-0.003352	-6.704762
0.5	-0.003102	-6.204151
0.51	-0.002693	-5.386081
0.52	-0.002418	-4.83663
0.53	-0.001954	-3.908669
0.54	-0.001619	-3.237118
0.55	-0.001112	-2.223687
0.56	-0.000692	-1.384926
0.57	-0.000229	-0.45848
0.58	0.000169	0.338409
0.59	0.000773	1.545966
0.6	0.001159	2.318437
0.61	0.001788	3.576068
0.62	0.002209	4.418559
0.63	0.002881	5.761661
0.64	0.003308	6.616361
0.65	0.004004	8.008303
0.66	0.004468	8.936264
0.67	0.005164	10.328205
0.68	0.005634	11.268376
0.69	0.006367	12.733578
0.7	0.006831	13.661538
0.71	0.007563	15.12674
0.72	0.008058	16.115751
0.73	0.008827	17.654212
0.74	0.009346	18.692063
0.75	0.010103	20.206105
0.76	0.010622	21.243956
0.77	0.011592	23.184371
0.78	0.012081	24.161172
0.79	0.012874	25.748474
0.8	0.013424	26.847375
0.81	0.014278	28.556777
0.82	0.014767	29.533578
0.83	0.01556	31.120879
0.84	0.016171	32.34188
0.85	0.016965	33.929182
0.86	0.017514	35.028083
0.87	0.018308	36.615385
0.88	0.018918	37.836386
0.89	0.019712	39.423687
0.9	0.020261	40.522589
0.91	0.021116	42.23199
0.92	0.021665	43.330891
0.93	0.022459	44.918193
0.94	0.023009	46.017094
0.95	0.023924	47.848596
0.96	0.024413	48.825397
0.97	0.025267	50.534799
0.98	0.025878	51.7558
0.99	0.025878	51.7558
1	0.026794	53.587302
1.01	0.026733	53.465201
1.02	0.026733	53.465201
1.03	0.026733	53.465201
1.04	0.026794	53.587302
1.05	0.026733	53.465201
1.06	0.026733	53.465201
1.07	0.026733	53.465201
1.08	0.026672	53.343101
1.09	0.026733	53.465201
1.1	0.026733	53.465201
1.11	0.026672	53.343101
1.12	0.026672	53.343101
1.13	0.026672	53.343101
1.14	0.026672	53.343101
1.15	0.026672	53.343101
1.16	0.026672	53.343101
1.17	0.026672	53.343101
1.18	0.026672	53.343101
1.19	0.026672	53.343101
1.2	0.026611	53.221001
1.21	0.026611	53.221001
1.22	0.026672	53.343101
1.23	0.026611	53.221001
1.24	0.026611	53.221001
1.25	0.026672	53.343101
1.26	0.026611	53.221001
1.27	0.026611	53.221001
1.28	0.026611	53.221001
1.29	0.026611	53.221001
1.3	0.026611	53.221001
1.31	0.026611	53.221001
1.32	0.026611	53.221001
1.33	0.026611	53.221001
1.34	0.026611	53.221001
1.35	0.026549	53.098901
1.36	0.026611	53.221001
1.37	0.026549	53.098901
1.38	0.026549	53.098901
1.39	0.026549	53.098901
1.4	0.026549	53.098901
1.41	0.026549	53.098901
1.42	0.026549	53.098901
1.43	0.026549	53.098901
1.44	0.026549	53.098901
1.45	0.026549	53.098901
1.46	0.026549	53.098901
1.47	0.026549	53.098901
1.48	0.026549	53.098901
1.49	0.026549	53.098901
1.5	0.026549	53.098901
1.51	0.026549	53.098901
1.52	0.026549	53.098901
1.53	0.026549	53.098901
1.54	0.026549	53.098901
1.55	0.026549	53.098901
1.56	0.026549	53.098901
1.57	0.026488	52.976801
1.58	0.026549	53.098901
1.59	0.026488	52.976801
1.6	0.026549	53.098901
1.61	0.026488	52.976801
1.62	0.026549	53.098901
1.63	0.026549	53.098901
1.64	0.026488	52.976801
1.65	0.026549	53.098901
1.66	0.026549	53.098901
1.67	0.026488	52.976801
1.68	0.026488	52.976801
1.69	0.026488	52.976801
1.7	0.026488	52.976801
1.71	0.026488	52.976801
1.72	0.026488	52.976801
1.73	0.026488	52.976801
1.74	0.026488	52.976801
1.75	0.026488	52.976801
1.76	0.026488	52.976801
1.77	0.026488	52.976801
1.78	0.026488	52.976801
1.79	0.026488	52.976801
1.8	0.026488	52.976801
1.81	0.026488	52.976801
1.82	0.026488	52.976801
1.83	0.026488	52.976801
1.84	0.026488	52.976801
1.85	0.026488	52.976801
1.86	0.026427	52.854701
1.87	0.026488	52.976801
1.88	0.026488	52.976801
1.89	0.026427	52.854701
1.9	0.026488	52.976801
1.91	0.026488	52.976801
1.92	0.026488	52.976801
1.93	0.026427	52.854701
1.94	0.026488	52.976801
1.95	0.026488	52.976801
1.96	0.026488	52.976801
1.97	0.026427	52.854701
1.98	0.026488	52.976801
1.99	0.026427	52.854701
