-0.01	-0.005098	-10.196825
0	-0.005105	-10.209035
0.01	-0.005098	-10.196825
0.02	-0.005098	-10.196825
0.03	-0.005092	-10.184615
0.04	-0.005092	-10.184615
0.05	-0.005086	-10.172405
0.06	-0.005086	-10.172405
0.07	-0.005086	-10.172405
0.08	-0.00508	-10.160195
0.09	-0.005074	-10.147985
0.1	-0.005074	-10.147985
0.11	-0.005068	-10.135775
0.12	-0.005068	-10.135775
0.13	-0.005062	-10.123565
0.14	-0.005056	-10.111355
0.15	-0.005056	-10.111355
0.16	-0.00505	-10.099145
0.17	-0.005043	-10.086935
0.18	-0.005037	-10.074725
0.19	-0.005031	-10.062515
0.2	-0.005025	-10.050305
0.21	-0.005019	-10.038095
0.22	-0.005013	-10.025885
0.23	-0.005007	-10.013675
0.24	-0.005007	-10.013675
0.25	-0.004995	-9.989255
0.26	-0.004989	-9.977045
0.27	-0.004982	-9.964835
0.28	-0.004976	-9.952625
0.29	-0.004964	-9.928205
0.3	-0.004952	-9.903785
0.31	-0.004946	-9.891575
0.32	-0.00494	-9.879365
0.33	-0.004921	-9.842735
0.34	-0.004915	-9.830525
0.35	-0.004897	-9.793895
0.36	-0.004885	-9.769475
0.37	-0.004866	-9.732845
0.38	-0.004854	-9.708425
0.39	-0.004836	-9.671795
0.4	-0.004818	-9.635165
0.41	-0.004793	-9.586325
0.42	-0.004769	-9.537485
0.43	-0.004732	-9.464225
0.44	-0.004708	-9.415385
0.45	-0.004659	-9.317705
0.46	-0.004628	-9.256654
0.47	-0.004567	-9.134554
0.48	-0.004518	-9.036874
0.49	-0.004433	-8.865934
0.5	-0.004372	-8.743834
0.51	-0.004262	-8.524054
0.52	-0.004177	-8.353114
0.53	-0.00403	-8.060073
0.54	-0.00392	-7.840293
0.55	-0.003725	-7.449573
0.56	-0.003542	-7.083272
0.57	-0.003334	-6.668132
0.58	-0.003151	-6.301832
0.59	-0.002846	-5.691331
0.6	-0.00262	-5.23956
0.61	-0.002241	-4.48254
0.62	-0.001967	-3.933089
0.63	-0.001539	-3.078388
0.64	-0.001228	-2.455678
0.65	-0.000754	-1.50837
0.66	-0.000384	-0.767703
0.67	0.00017	0.340854
0.68	0.000562	1.123077
0.69	0.001147	2.294017
0.7	0.00158	3.160928
0.71	0.002221	4.442979
0.72	0.002655	5.30989
0.73	0.003339	6.677411
0.74	0.003809	7.617582
0.75	0.004529	9.058364
0.76	0.004999	9.998535
0.77	0.00575	11.500366
0.78	0.006269	12.538217
0.79	0.00702	14.040049
0.8	0.007508	15.01685
0.81	0.008308	16.616361
0.82	0.008845	17.690842
0.83	0.009602	19.204884
0.84	0.01017	20.340415
0.85	0.010988	21.976557
0.86	0.011714	23.428571
0.87	0.012569	25.137973
0.88	0.013118	26.236874
0.89	0.013973	27.946276
0.9	0.014523	29.045177
0.91	0.015377	30.754579
0.92	0.015927	31.85348
0.93	0.016781	33.562882
0.94	0.017453	34.905983
0.95	0.018247	36.493284
0.96	0.018857	37.714286
0.97	0.019712	39.423687
0.98	0.020322	40.644689
0.99	0.021177	42.35409
1	0.021788	43.575092
1.01	0.022642	45.284493
1.02	0.023253	46.505495
1.03	0.024107	48.214896
1.04	0.024718	49.435897
1.05	0.025634	51.267399
1.06	0.025573	51.145299
1.07	0.026916	53.831502
1.08	0.026916	53.831502
1.09	0.026855	53.709402
1.1	0.026855	53.709402
1.11	0.026855	53.709402
1.12	0.026855	53.709402
1.13	0.026794	53.587302
1.14	0.026794	53.587302
1.15	0.026794	53.587302
1.16	0.026794	53.587302
1.17	0.026794	53.587302
1.18	0.026794	53.587302
1.19	0.026794	53.587302
1.2	0.026794	53.587302
1.21	0.026733	53.465201
1.22	0.026733	53.465201
1.23	0.026733	53.465201
1.24	0.026733	53.465201
1.25	0.026733	53.465201
1.26	0.026733	53.465201
1.27	0.026733	53.465201
1.28	0.026733	53.465201
1.29	0.026733	53.465201
1.3	0.026733	53.465201
1.31	0.026672	53.343101
1.32	0.026733	53.465201
1.33	0.026733	53.465201
1.34	0.026672	53.343101
1.35	0.026672	53.343101
1.36	0.026733	53.465201
1.37	0.026733	53.465201
1.38	0.026733	53.465201
1.39	0.026672	53.343101
1.4	0.026672	53.343101
1.41	0.026672	53.343101
1.42	0.026672	53.343101
1.43	0.026672	53.343101
1.44	0.026672	53.343101
1.45	0.026672	53.343101
1.46	0.026672	53.343101
1.47	0.026672	53.343101
1.48	0.026672	53.343101
1.49	0.026672	53.343101
1.5	0.026672	53.343101
1.51	0.026672	53.343101
1.52	0.026672	53.343101
1.53	0.026611	53.221001
1.54	0.026611	53.221001
1.55	0.026672	53.343101
1.56	0.026611	53.221001
1.57	0.026611	53.221001
1.58	0.026611	53.221001
1.59	0.026672	53.343101
1.6	0.026611	53.221001
1.61	0.026611	53.221001
1.62	0.026611	53.221001
1.63	0.026611	53.221001
1.64	0.026611	53.221001
1.65	0.026611	53.221001
1.66	0.026611	53.221001
1.67	0.026611	53.221001
1.68	0.026611	53.221001
1.69	0.026611	53.221001
1.7	0.026611	53.221001
1.71	0.026611	53.221001
1.72	0.026611	53.221001
1.73	0.026611	53.221001
1.74	0.026611	53.221001
1.75	0.026611	53.221001
1.76	0.026611	53.221001
1.77	0.026549	53.098901
1.78	0.026611	53.221001
1.79	0.026611	53.221001
1.8	0.026611	53.221001
1.81	0.026549	53.098901
1.82	0.026611	53.221001
1.83	0.026549	53.098901
1.84	0.026611	53.221001
1.85	0.026549	53.098901
1.86	0.026611	53.221001
1.87	0.026611	53.221001
1.88	0.026549	53.098901
1.89	0.026549	53.098901
1.9	0.026549	53.098901
1.91	0.026549	53.098901
1.92	0.026549	53.098901
1.93	0.026549	53.098901
1.94	0.026549	53.098901
1.95	0.026549	53.098901
1.96	0.026549	53.098901
1.97	0.026549	53.098901
1.98	0.026549	53.098901
1.99	0.026549	53.098901
