-0.01	-0.003786	-7.571673
0	-0.003786	-7.571673
0.01	-0.00378	-7.559463
0.02	-0.00378	-7.559463
0.03	-0.003774	-7.547253
0.04	-0.003768	-7.535043
0.05	-0.003768	-7.535043
0.06	-0.003761	-7.522833
0.07	-0.003755	-7.510623
0.08	-0.003755	-7.510623
0.09	-0.003749	-7.498413
0.1	-0.003743	-7.486203
0.11	-0.003737	-7.473993
0.12	-0.003731	-7.461783
0.13	-0.003725	-7.449573
0.14	-0.003719	-7.437363
0.15	-0.003713	-7.425153
0.16	-0.0037	-7.400733
0.17	-0.003694	-7.388523
0.18	-0.003688	-7.376313
0.19	-0.003676	-7.351893
0.2	-0.00367	-7.339683
0.21	-0.003658	-7.315263
0.22	-0.003652	-7.303053
0.23	-0.003633	-7.266422
0.24	-0.003627	-7.254212
0.25	-0.003609	-7.217582
0.26	-0.003597	-7.193162
0.27	-0.003572	-7.144322
0.28	-0.003554	-7.107692
0.29	-0.003529	-7.058852
0.3	-0.003505	-7.010012
0.31	-0.003462	-6.924542
0.32	-0.003438	-6.875702
0.33	-0.003383	-6.765812
0.34	-0.003346	-6.692552
0.35	-0.003279	-6.558242
0.36	-0.00323	-6.460562
0.37	-0.003139	-6.277411
0.38	-0.003065	-6.130891
0.39	-0.002949	-5.898901
0.4	-0.002852	-5.703541
0.41	-0.002693	-5.386081
0.42	-0.002577	-5.15409
0.43	-0.002363	-4.72674
0.44	-0.002211	-4.42149
0.45	-0.00196	-3.920879
0.46	-0.001777	-3.554579
0.47	-0.001472	-2.944078
0.48	-0.001234	-2.467888
0.49	-0.0009	-1.800482
0.5	-0.00064	-1.279815
0.51	-0.000212	-0.423036
0.52	8.560942E-5	0.171219
0.53	0.000546	1.092521
0.54	0.000885	1.770855
0.55	0.001397	2.794628
0.56	0.001855	3.710379
0.57	0.002319	4.638339
0.58	0.002716	5.43199
0.59	0.00329	6.579731
0.6	0.003717	7.434432
0.61	0.00434	8.679853
0.62	0.004773	9.546764
0.63	0.005384	10.767766
0.64	0.005854	11.707937
0.65	0.006513	13.026618
0.66	0.006965	13.930159
0.67	0.007661	15.3221
0.68	0.008149	16.298901
0.69	0.008858	17.715263
0.7	0.009328	18.655433
0.71	0.010066	20.132845
0.72	0.010567	21.134066
0.73	0.01147	22.940171
0.74	0.011958	23.916972
0.75	0.012752	25.504274
0.76	0.013241	26.481074
0.77	0.014034	28.068376
0.78	0.014523	29.045177
0.79	0.015316	30.632479
0.8	0.015866	31.73138
0.81	0.016659	33.318681
0.82	0.017148	34.295482
0.83	0.018002	36.004884
0.84	0.018491	36.981685
0.85	0.019346	38.691087
0.86	0.019834	39.667888
0.87	0.020628	41.255189
0.88	0.021177	42.35409
0.89	0.021971	43.941392
0.9	0.02252	45.040293
0.91	0.023375	46.749695
0.92	0.023924	47.848596
0.93	0.024718	49.435897
0.94	0.025267	50.534799
0.95	0.026061	52.1221
0.96	0.025939	51.8779
0.97	0.026977	53.953602
0.98	0.026977	53.953602
0.99	0.026916	53.831502
1	0.026916	53.831502
1.01	0.026916	53.831502
1.02	0.026916	53.831502
1.03	0.026916	53.831502
1.04	0.026916	53.831502
1.05	0.026916	53.831502
1.06	0.026855	53.709402
1.07	0.026855	53.709402
1.08	0.026855	53.709402
1.09	0.026855	53.709402
1.1	0.026855	53.709402
1.11	0.026855	53.709402
1.12	0.026855	53.709402
1.13	0.026855	53.709402
1.14	0.026855	53.709402
1.15	0.026855	53.709402
1.16	0.026855	53.709402
1.17	0.026855	53.709402
1.18	0.026794	53.587302
1.19	0.026855	53.709402
1.2	0.026855	53.709402
1.21	0.026794	53.587302
1.22	0.026794	53.587302
1.23	0.026794	53.587302
1.24	0.026794	53.587302
1.25	0.026794	53.587302
1.26	0.026794	53.587302
1.27	0.026794	53.587302
1.28	0.026794	53.587302
1.29	0.026794	53.587302
1.3	0.026794	53.587302
1.31	0.026733	53.465201
1.32	0.026733	53.465201
1.33	0.026733	53.465201
1.34	0.026733	53.465201
1.35	0.026733	53.465201
1.36	0.026733	53.465201
1.37	0.026733	53.465201
1.38	0.026733	53.465201
1.39	0.026733	53.465201
1.4	0.026733	53.465201
1.41	0.026733	53.465201
1.42	0.026733	53.465201
1.43	0.026733	53.465201
1.44	0.026733	53.465201
1.45	0.026733	53.465201
1.46	0.026733	53.465201
1.47	0.026733	53.465201
1.48	0.026733	53.465201
1.49	0.026733	53.465201
1.5	0.026733	53.465201
1.51	0.026672	53.343101
1.52	0.026733	53.465201
1.53	0.026672	53.343101
1.54	0.026672	53.343101
1.55	0.026733	53.465201
1.56	0.026733	53.465201
1.57	0.026672	53.343101
1.58	0.026672	53.343101
1.59	0.026672	53.343101
1.6	0.026672	53.343101
1.61	0.026672	53.343101
1.62	0.026672	53.343101
1.63	0.026672	53.343101
1.64	0.026672	53.343101
1.65	0.026672	53.343101
1.66	0.026672	53.343101
1.67	0.026672	53.343101
1.68	0.026672	53.343101
1.69	0.026672	53.343101
1.7	0.026672	53.343101
1.71	0.026672	53.343101
1.72	0.026672	53.343101
1.73	0.026672	53.343101
1.74	0.026611	53.221001
1.75	0.026611	53.221001
1.76	0.026672	53.343101
1.77	0.026672	53.343101
1.78	0.026672	53.343101
1.79	0.026672	53.343101
1.8	0.026611	53.221001
1.81	0.026611	53.221001
1.82	0.026611	53.221001
1.83	0.026611	53.221001
1.84	0.026611	53.221001
1.85	0.026611	53.221001
1.86	0.026611	53.221001
1.87	0.026611	53.221001
1.88	0.026672	53.343101
1.89	0.026672	53.343101
1.9	0.026611	53.221001
1.91	0.026611	53.221001
1.92	0.026672	53.343101
1.93	0.026611	53.221001
1.94	0.026611	53.221001
1.95	0.026672	53.343101
1.96	0.026611	53.221001
1.97	0.026611	53.221001
1.98	0.026611	53.221001
1.99	0.026611	53.221001
