-0.01	-0.005691	-11.381197
0	-0.005697	-11.393407
0.01	-0.005691	-11.381197
0.02	-0.005691	-11.381197
0.03	-0.005691	-11.381197
0.04	-0.005691	-11.381197
0.05	-0.005684	-11.368987
0.06	-0.005684	-11.368987
0.07	-0.005678	-11.356777
0.08	-0.005678	-11.356777
0.09	-0.005672	-11.344567
0.1	-0.005672	-11.344567
0.11	-0.005672	-11.344567
0.12	-0.005666	-11.332357
0.13	-0.005666	-11.332357
0.14	-0.00566	-11.320147
0.15	-0.005654	-11.307937
0.16	-0.005654	-11.307937
0.17	-0.005648	-11.295726
0.18	-0.005648	-11.295726
0.19	-0.005642	-11.283516
0.2	-0.005636	-11.271306
0.21	-0.00563	-11.259096
0.22	-0.00563	-11.259096
0.23	-0.005623	-11.246886
0.24	-0.005617	-11.234676
0.25	-0.005611	-11.222466
0.26	-0.005605	-11.210256
0.27	-0.005599	-11.198046
0.28	-0.005599	-11.198046
0.29	-0.005593	-11.185836
0.3	-0.005581	-11.161416
0.31	-0.005575	-11.149206
0.32	-0.005568	-11.136996
0.33	-0.005562	-11.124786
0.34	-0.005556	-11.112576
0.35	-0.005544	-11.088156
0.36	-0.005538	-11.075946
0.37	-0.005526	-11.051526
0.38	-0.00552	-11.039316
0.39	-0.005501	-11.002686
0.4	-0.005495	-10.990476
0.41	-0.005483	-10.966056
0.42	-0.005471	-10.941636
0.43	-0.005459	-10.917216
0.44	-0.005446	-10.892796
0.45	-0.005428	-10.856166
0.46	-0.00541	-10.819536
0.47	-0.005391	-10.782906
0.48	-0.005379	-10.758486
0.49	-0.005355	-10.709646
0.5	-0.00533	-10.660806
0.51	-0.005306	-10.611966
0.52	-0.005282	-10.563126
0.53	-0.005245	-10.489866
0.54	-0.005214	-10.428816
0.55	-0.005166	-10.331136
0.56	-0.005117	-10.233455
0.57	-0.005062	-10.123565
0.58	-0.005013	-10.025885
0.59	-0.004921	-9.842735
0.6	-0.004848	-9.696215
0.61	-0.004732	-9.464225
0.62	-0.004634	-9.268864
0.63	-0.00447	-8.939194
0.64	-0.004341	-8.682784
0.65	-0.004116	-8.231013
0.66	-0.003951	-7.901343
0.67	-0.003664	-7.327473
0.68	-0.003444	-6.887912
0.69	-0.00309	-6.179731
0.7	-0.002833	-5.666911
0.71	-0.0024	-4.8
0.72	-0.002089	-4.177289
0.73	-0.001606	-3.212698
0.74	-0.001264	-2.528938
0.75	-0.000718	-1.435037
0.76	-0.000333	-0.666258
0.77	0.000273	0.546187
0.78	0.000672	1.343077
0.79	0.0013	2.599267
0.8	0.001739	3.478388
0.81	0.002411	4.82149
0.82	0.002869	5.737241
0.83	0.003552	7.104762
0.84	0.00401	8.020513
0.85	0.004725	9.449084
0.86	0.005195	10.389255
0.87	0.005939	11.878877
0.88	0.006403	12.806838
0.89	0.007148	14.296459
0.9	0.007643	15.28547
0.91	0.008375	16.750672
0.92	0.00887	17.739683
0.93	0.009615	19.229304
0.94	0.010085	20.169475
0.95	0.010817	21.634676
0.96	0.011531	23.062271
0.97	0.012264	24.527473
0.98	0.012752	25.504274
0.99	0.013485	26.969475
1	0.013973	27.946276
1.01	0.014767	29.533578
1.02	0.015255	30.510379
1.03	0.015927	31.85348
1.04	0.016415	32.830281
1.05	0.017148	34.295482
1.06	0.017758	35.516484
1.07	0.018369	36.737485
1.08	0.018796	37.592186
1.09	0.019529	39.057387
1.1	0.019956	39.912088
1.11	0.020689	41.377289
1.12	0.021116	42.23199
1.13	0.021788	43.575092
1.14	0.022337	44.673993
1.15	0.022886	45.772894
1.16	0.023314	46.627595
1.17	0.023985	47.970696
1.18	0.024413	48.825397
1.19	0.025023	50.046398
1.2	0.025573	51.145299
1.21	0.025634	51.267399
1.22	0.025878	51.7558
1.23	0.026855	53.709402
1.24	0.026855	53.709402
1.25	0.026855	53.709402
1.26	0.026794	53.587302
1.27	0.026794	53.587302
1.28	0.026794	53.587302
1.29	0.026794	53.587302
1.3	0.026794	53.587302
1.31	0.026794	53.587302
1.32	0.026794	53.587302
1.33	0.026794	53.587302
1.34	0.026794	53.587302
1.35	0.026794	53.587302
1.36	0.026733	53.465201
1.37	0.026733	53.465201
1.38	0.026733	53.465201
1.39	0.026794	53.587302
1.4	0.026733	53.465201
1.41	0.026733	53.465201
1.42	0.026733	53.465201
1.43	0.026733	53.465201
1.44	0.026733	53.465201
1.45	0.026733	53.465201
1.46	0.026733	53.465201
1.47	0.026733	53.465201
1.48	0.026733	53.465201
1.49	0.026672	53.343101
1.5	0.026733	53.465201
1.51	0.026733	53.465201
1.52	0.026672	53.343101
1.53	0.026733	53.465201
1.54	0.026672	53.343101
1.55	0.026672	53.343101
1.56	0.026733	53.465201
1.57	0.026672	53.343101
1.58	0.026672	53.343101
1.59	0.026672	53.343101
1.6	0.026672	53.343101
1.61	0.026672	53.343101
1.62	0.026672	53.343101
1.63	0.026672	53.343101
1.64	0.026672	53.343101
1.65	0.026672	53.343101
1.66	0.026672	53.343101
1.67	0.026672	53.343101
1.68	0.026672	53.343101
1.69	0.026672	53.343101
1.7	0.026611	53.221001
1.71	0.026672	53.343101
1.72	0.026611	53.221001
1.73	0.026611	53.221001
1.74	0.026672	53.343101
1.75	0.026672	53.343101
1.76	0.026611	53.221001
1.77	0.026611	53.221001
1.78	0.026611	53.221001
1.79	0.026611	53.221001
1.8	0.026611	53.221001
1.81	0.026611	53.221001
1.82	0.026672	53.343101
1.83	0.026611	53.221001
1.84	0.026611	53.221001
1.85	0.026611	53.221001
1.86	0.026611	53.221001
1.87	0.026611	53.221001
1.88	0.026611	53.221001
1.89	0.026611	53.221001
1.9	0.026611	53.221001
1.91	0.026611	53.221001
1.92	0.026611	53.221001
1.93	0.026611	53.221001
1.94	0.026611	53.221001
1.95	0.026611	53.221001
1.96	0.026611	53.221001
1.97	0.026611	53.221001
1.98	0.026611	53.221001
1.99	0.026549	53.098901
