-0.01	-0.001576	-3.151648
0	-0.001576	-3.151648
0.01	-0.001576	-3.151648
0.02	-0.001576	-3.151648
0.03	-0.001576	-3.151648
0.04	-0.001576	-3.151648
0.05	-0.001576	-3.151648
0.06	-0.001576	-3.151648
0.07	-0.00157	-3.139438
0.08	-0.00157	-3.139438
0.09	-0.00157	-3.139438
0.1	-0.00157	-3.139438
0.11	-0.00157	-3.139438
0.12	-0.00157	-3.139438
0.13	-0.00157	-3.139438
0.14	-0.00157	-3.139438
0.15	-0.001564	-3.127228
0.16	-0.001564	-3.127228
0.17	-0.001564	-3.127228
0.18	-0.001564	-3.127228
0.19	-0.001564	-3.127228
0.2	-0.001564	-3.127228
0.21	-0.001564	-3.127228
0.22	-0.001564	-3.127228
0.23	-0.001558	-3.115018
0.24	-0.001558	-3.115018
0.25	-0.001558	-3.115018
0.26	-0.001551	-3.102808
0.27	-0.001551	-3.102808
0.28	-0.001551	-3.102808
0.29	-0.001551	-3.102808
0.3	-0.001545	-3.090598
0.31	-0.001545	-3.090598
0.32	-0.001545	-3.090598
0.33	-0.001545	-3.090598
0.34	-0.001539	-3.078388
0.35	-0.001539	-3.078388
0.36	-0.001533	-3.066178
0.37	-0.001533	-3.066178
0.38	-0.001533	-3.066178
0.39	-0.001527	-3.053968
0.4	-0.001527	-3.053968
0.41	-0.001521	-3.041758
0.42	-0.001521	-3.041758
0.43	-0.001515	-3.029548
0.44	-0.001515	-3.029548
0.45	-0.001509	-3.017338
0.46	-0.001503	-3.005128
0.47	-0.001496	-2.992918
0.48	-0.001496	-2.992918
0.49	-0.00149	-2.980708
0.5	-0.001484	-2.968498
0.51	-0.001478	-2.956288
0.52	-0.001472	-2.944078
0.53	-0.00146	-2.919658
0.54	-0.001454	-2.907448
0.55	-0.001442	-2.883028
0.56	-0.001429	-2.858608
0.57	-0.001417	-2.834188
0.58	-0.001399	-2.797558
0.59	-0.001374	-2.748718
0.6	-0.00135	-2.699878
0.61	-0.001313	-2.626618
0.62	-0.001283	-2.565568
0.63	-0.001228	-2.455678
0.64	-0.001185	-2.370208
0.65	-0.001106	-2.211477
0.66	-0.001045	-2.089377
0.67	-0.000932	-1.864037
0.68	-0.00084	-1.679482
0.69	-0.000671	-1.342148
0.7	-0.000535	-1.070814
0.71	-0.000307	-0.613703
0.72	-0.000125	-0.24948
0.73	0.000179	0.357965
0.74	0.0004	0.799187
0.75	0.000794	1.587522
0.76	0.001068	2.135078
0.77	0.001501	3.002198
0.78	0.001812	3.624908
0.79	0.002313	4.626129
0.8	0.002679	5.35873
0.81	0.003235	6.469841
0.82	0.003595	7.190232
0.83	0.0042	8.399023
0.84	0.004615	9.229304
0.85	0.00525	10.499145
0.86	0.005659	11.317216
0.87	0.006318	12.635897
0.88	0.006776	13.551648
0.89	0.007429	14.85812
0.9	0.007869	15.737241
0.91	0.008571	17.141392
0.92	0.009047	18.093773
0.93	0.009718	19.436874
0.94	0.010195	20.389255
0.95	0.01086	21.720147
0.96	0.011531	23.062271
0.97	0.012203	24.405372
0.98	0.012691	25.382173
0.99	0.013363	26.725275
1	0.013851	27.702076
1.01	0.014523	29.045177
1.02	0.015011	30.021978
1.03	0.015683	31.365079
1.04	0.01611	32.21978
1.05	0.016842	33.684982
1.06	0.017331	34.661783
1.07	0.017941	35.882784
1.08	0.018369	36.737485
1.09	0.01904	38.080586
1.1	0.019468	38.935287
1.11	0.020078	40.156288
1.12	0.020505	41.010989
1.13	0.021116	42.23199
1.14	0.021665	43.330891
1.15	0.022215	44.429792
1.16	0.022642	45.284493
1.17	0.023253	46.505495
1.18	0.02368	47.360195
1.19	0.02423	48.459096
1.2	0.024718	49.435897
1.21	0.025328	50.656899
1.22	0.025756	51.5116
1.23	0.026366	52.732601
1.24	0.026122	52.2442
1.25	0.027099	54.197802
1.26	0.02716	54.319902
1.27	0.027099	54.197802
1.28	0.027099	54.197802
1.29	0.027099	54.197802
1.3	0.027099	54.197802
1.31	0.027099	54.197802
1.32	0.027038	54.075702
1.33	0.027099	54.197802
1.34	0.027038	54.075702
1.35	0.027038	54.075702
1.36	0.027038	54.075702
1.37	0.027038	54.075702
1.38	0.027038	54.075702
1.39	0.027038	54.075702
1.4	0.027038	54.075702
1.41	0.027038	54.075702
1.42	0.027038	54.075702
1.43	0.027038	54.075702
1.44	0.027038	54.075702
1.45	0.027038	54.075702
1.46	0.027038	54.075702
1.47	0.027038	54.075702
1.48	0.027038	54.075702
1.49	0.026977	53.953602
1.5	0.026977	53.953602
1.51	0.027038	54.075702
1.52	0.026977	53.953602
1.53	0.026977	53.953602
1.54	0.026977	53.953602
1.55	0.026977	53.953602
1.56	0.026977	53.953602
1.57	0.026977	53.953602
1.58	0.026977	53.953602
1.59	0.026916	53.831502
1.6	0.026977	53.953602
1.61	0.026977	53.953602
1.62	0.026977	53.953602
1.63	0.026916	53.831502
1.64	0.026916	53.831502
1.65	0.026977	53.953602
1.66	0.026916	53.831502
1.67	0.026916	53.831502
1.68	0.026916	53.831502
1.69	0.026916	53.831502
1.7	0.026916	53.831502
1.71	0.026916	53.831502
1.72	0.026916	53.831502
1.73	0.026916	53.831502
1.74	0.026916	53.831502
1.75	0.026916	53.831502
1.76	0.026916	53.831502
1.77	0.026916	53.831502
1.78	0.026916	53.831502
1.79	0.026916	53.831502
1.8	0.026855	53.709402
1.81	0.026916	53.831502
1.82	0.026855	53.709402
1.83	0.026916	53.831502
1.84	0.026855	53.709402
1.85	0.026855	53.709402
1.86	0.026916	53.831502
1.87	0.026855	53.709402
1.88	0.026855	53.709402
1.89	0.026855	53.709402
1.9	0.026855	53.709402
1.91	0.026855	53.709402
1.92	0.026855	53.709402
1.93	0.026855	53.709402
1.94	0.026855	53.709402
1.95	0.026855	53.709402
1.96	0.026855	53.709402
1.97	0.026855	53.709402
1.98	0.026855	53.709402
1.99	0.026855	53.709402
