-0.01	-0.002357	-4.71453
0	-0.002357	-4.71453
0.01	-0.002357	-4.71453
0.02	-0.002357	-4.71453
0.03	-0.002357	-4.71453
0.04	-0.002351	-4.70232
0.05	-0.002351	-4.70232
0.06	-0.002351	-4.70232
0.07	-0.002351	-4.70232
0.08	-0.002345	-4.69011
0.09	-0.002345	-4.69011
0.1	-0.002345	-4.69011
0.11	-0.002339	-4.6779
0.12	-0.002339	-4.6779
0.13	-0.002339	-4.6779
0.14	-0.002333	-4.66569
0.15	-0.002333	-4.66569
0.16	-0.002327	-4.65348
0.17	-0.002327	-4.65348
0.18	-0.002327	-4.65348
0.19	-0.002321	-4.64127
0.2	-0.002321	-4.64127
0.21	-0.002315	-4.62906
0.22	-0.002315	-4.62906
0.23	-0.002308	-4.61685
0.24	-0.002308	-4.61685
0.25	-0.002302	-4.60464
0.26	-0.002296	-4.59243
0.27	-0.002296	-4.59243
0.28	-0.00229	-4.58022
0.29	-0.002284	-4.56801
0.3	-0.002284	-4.56801
0.31	-0.002278	-4.5558
0.32	-0.002272	-4.54359
0.33	-0.002266	-4.53138
0.34	-0.00226	-4.51917
0.35	-0.002253	-4.50696
0.36	-0.002247	-4.49475
0.37	-0.002235	-4.47033
0.38	-0.002223	-4.44591
0.39	-0.002211	-4.42149
0.4	-0.002205	-4.40928
0.41	-0.002186	-4.37265
0.42	-0.002174	-4.34823
0.43	-0.002156	-4.3116
0.44	-0.002137	-4.274969
0.45	-0.002107	-4.213919
0.46	-0.002083	-4.165079
0.47	-0.00204	-4.079609
0.48	-0.002009	-4.018559
0.49	-0.001954	-3.908669
0.5	-0.001905	-3.810989
0.51	-0.001826	-3.652259
0.52	-0.001765	-3.530159
0.53	-0.001655	-3.310379
0.54	-0.00157	-3.139438
0.55	-0.001423	-2.846398
0.56	-0.001271	-2.541148
0.57	-0.001106	-2.211477
0.58	-0.000974	-1.948371
0.59	-0.000712	-1.424037
0.6	-0.000527	-1.053703
0.61	-0.000196	-0.391258
0.62	2.553714E-5	0.051074
0.63	0.000417	0.834632
0.64	0.000703	1.406633
0.65	0.001135	2.269597
0.66	0.001464	2.928938
0.67	0.001983	3.966789
0.68	0.002337	4.674969
0.69	0.002899	5.798291
0.7	0.003296	6.591941
0.71	0.003894	7.788523
0.72	0.004309	8.618803
0.73	0.004969	9.937485
0.74	0.005414	10.828816
0.75	0.006123	12.245177
0.76	0.006587	13.173138
0.77	0.007301	14.601709
0.78	0.007795	15.59072
0.79	0.008546	17.092552
0.8	0.009016	18.032723
0.81	0.009816	19.632234
0.82	0.010323	20.645665
0.83	0.011287	22.573871
0.84	0.011775	23.550672
0.85	0.012569	25.137973
0.86	0.013179	26.358974
0.87	0.013973	27.946276
0.88	0.014523	29.045177
0.89	0.015377	30.754579
0.9	0.015927	31.85348
0.91	0.016781	33.562882
0.92	0.017331	34.661783
0.93	0.018186	36.371184
0.94	0.018735	37.470085
0.95	0.01959	39.179487
0.96	0.0202	40.400488
0.97	0.021055	42.10989
0.98	0.021665	43.330891
0.99	0.02252	45.040293
1	0.02307	46.139194
1.01	0.023924	47.848596
1.02	0.024535	49.069597
1.03	0.025451	50.901099
1.04	0.026	52
1.05	0.026	52
1.06	0.027038	54.075702
1.07	0.027038	54.075702
1.08	0.027038	54.075702
1.09	0.027038	54.075702
1.1	0.027038	54.075702
1.11	0.027038	54.075702
1.12	0.027038	54.075702
1.13	0.027038	54.075702
1.14	0.027038	54.075702
1.15	0.026977	53.953602
1.16	0.026977	53.953602
1.17	0.026977	53.953602
1.18	0.026977	53.953602
1.19	0.026977	53.953602
1.2	0.026977	53.953602
1.21	0.026977	53.953602
1.22	0.026977	53.953602
1.23	0.026916	53.831502
1.24	0.026916	53.831502
1.25	0.026977	53.953602
1.26	0.026916	53.831502
1.27	0.026916	53.831502
1.28	0.026916	53.831502
1.29	0.026916	53.831502
1.3	0.026916	53.831502
1.31	0.026916	53.831502
1.32	0.026916	53.831502
1.33	0.026916	53.831502
1.34	0.026916	53.831502
1.35	0.026916	53.831502
1.36	0.026855	53.709402
1.37	0.026916	53.831502
1.38	0.026855	53.709402
1.39	0.026855	53.709402
1.4	0.026855	53.709402
1.41	0.026855	53.709402
1.42	0.026855	53.709402
1.43	0.026855	53.709402
1.44	0.026855	53.709402
1.45	0.026855	53.709402
1.46	0.026855	53.709402
1.47	0.026855	53.709402
1.48	0.026855	53.709402
1.49	0.026855	53.709402
1.5	0.026855	53.709402
1.51	0.026855	53.709402
1.52	0.026794	53.587302
1.53	0.026855	53.709402
1.54	0.026794	53.587302
1.55	0.026794	53.587302
1.56	0.026794	53.587302
1.57	0.026794	53.587302
1.58	0.026794	53.587302
1.59	0.026794	53.587302
1.6	0.026794	53.587302
1.61	0.026794	53.587302
1.62	0.026794	53.587302
1.63	0.026794	53.587302
1.64	0.026794	53.587302
1.65	0.026794	53.587302
1.66	0.026794	53.587302
1.67	0.026794	53.587302
1.68	0.026794	53.587302
1.69	0.026794	53.587302
1.7	0.026794	53.587302
1.71	0.026733	53.465201
1.72	0.026794	53.587302
1.73	0.026733	53.465201
1.74	0.026733	53.465201
1.75	0.026794	53.587302
1.76	0.026794	53.587302
1.77	0.026733	53.465201
1.78	0.026733	53.465201
1.79	0.026733	53.465201
1.8	0.026733	53.465201
1.81	0.026733	53.465201
1.82	0.026733	53.465201
1.83	0.026733	53.465201
1.84	0.026733	53.465201
1.85	0.026733	53.465201
1.86	0.026733	53.465201
1.87	0.026733	53.465201
1.88	0.026733	53.465201
1.89	0.026733	53.465201
1.9	0.026733	53.465201
1.91	0.026733	53.465201
1.92	0.026733	53.465201
1.93	0.026733	53.465201
1.94	0.026733	53.465201
1.95	0.026733	53.465201
1.96	0.026733	53.465201
1.97	0.026733	53.465201
1.98	0.026733	53.465201
1.99	0.026733	53.465201
