-0.01	-0.00508	-10.160195
0	-0.00508	-10.160195
0.01	-0.005074	-10.147985
0.02	-0.005068	-10.135775
0.03	-0.005062	-10.123565
0.04	-0.005056	-10.111355
0.05	-0.005056	-10.111355
0.06	-0.00505	-10.099145
0.07	-0.005037	-10.074725
0.08	-0.005031	-10.062515
0.09	-0.005031	-10.062515
0.1	-0.005019	-10.038095
0.11	-0.005013	-10.025885
0.12	-0.005007	-10.013675
0.13	-0.005001	-10.001465
0.14	-0.004989	-9.977045
0.15	-0.004982	-9.964835
0.16	-0.00497	-9.940415
0.17	-0.004958	-9.915995
0.18	-0.004952	-9.903785
0.19	-0.00494	-9.879365
0.2	-0.004927	-9.854945
0.21	-0.004909	-9.818315
0.22	-0.004897	-9.793895
0.23	-0.004879	-9.757265
0.24	-0.004866	-9.732845
0.25	-0.004836	-9.671795
0.26	-0.004818	-9.635165
0.27	-0.004793	-9.586325
0.28	-0.004769	-9.537485
0.29	-0.004726	-9.452015
0.3	-0.004695	-9.390965
0.31	-0.004641	-9.281074
0.32	-0.004604	-9.207814
0.33	-0.004531	-9.061294
0.34	-0.004476	-8.951404
0.35	-0.00439	-8.780464
0.36	-0.004317	-8.633944
0.37	-0.004189	-8.377534
0.38	-0.004097	-8.194383
0.39	-0.003938	-7.876923
0.4	-0.003822	-7.644933
0.41	-0.003621	-7.242002
0.42	-0.003462	-6.924542
0.43	-0.003212	-6.423932
0.44	-0.003023	-6.045421
0.45	-0.00273	-5.459341
0.46	-0.002504	-5.00757
0.47	-0.002137	-4.274969
0.48	-0.001881	-3.762149
0.49	-0.00146	-2.919658
0.5	-0.001173	-2.345788
0.51	-0.000718	-1.435037
0.52	-0.000394	-0.787259
0.53	0.000121	0.241854
0.54	0.000475	0.950743
0.55	0.001031	2.062967
0.56	0.001501	3.002198
0.57	0.002008	4.015629
0.58	0.002392	4.78486
0.59	0.003009	6.018071
0.6	0.003424	6.848352
0.61	0.00409	8.179243
0.62	0.004529	9.058364
0.63	0.005195	10.389255
0.64	0.005653	11.305006
0.65	0.006348	12.696947
0.66	0.006806	13.612698
0.67	0.007508	15.01685
0.68	0.008009	16.018071
0.69	0.008736	17.471062
0.7	0.009206	18.411233
0.71	0.009963	19.925275
0.72	0.010469	20.938706
0.73	0.011409	22.818071
0.74	0.011897	23.794872
0.75	0.01263	25.260073
0.76	0.013179	26.358974
0.77	0.013973	27.946276
0.78	0.014523	29.045177
0.79	0.015255	30.510379
0.8	0.015805	31.60928
0.81	0.016598	33.196581
0.82	0.017148	34.295482
0.83	0.017941	35.882784
0.84	0.018491	36.981685
0.85	0.019284	38.568987
0.86	0.019834	39.667888
0.87	0.020628	41.255189
0.88	0.021177	42.35409
0.89	0.021971	43.941392
0.9	0.02252	45.040293
0.91	0.023375	46.749695
0.92	0.023863	47.726496
0.93	0.024718	49.435897
0.94	0.025267	50.534799
0.95	0.026061	52.1221
0.96	0.025756	51.5116
0.97	0.026855	53.709402
0.98	0.026855	53.709402
0.99	0.026855	53.709402
1	0.026855	53.709402
1.01	0.026794	53.587302
1.02	0.026794	53.587302
1.03	0.026794	53.587302
1.04	0.026794	53.587302
1.05	0.026794	53.587302
1.06	0.026794	53.587302
1.07	0.026794	53.587302
1.08	0.026794	53.587302
1.09	0.026794	53.587302
1.1	0.026733	53.465201
1.11	0.026733	53.465201
1.12	0.026794	53.587302
1.13	0.026733	53.465201
1.14	0.026733	53.465201
1.15	0.026733	53.465201
1.16	0.026733	53.465201
1.17	0.026733	53.465201
1.18	0.026733	53.465201
1.19	0.026733	53.465201
1.2	0.026672	53.343101
1.21	0.026733	53.465201
1.22	0.026733	53.465201
1.23	0.026733	53.465201
1.24	0.026672	53.343101
1.25	0.026672	53.343101
1.26	0.026733	53.465201
1.27	0.026672	53.343101
1.28	0.026672	53.343101
1.29	0.026672	53.343101
1.3	0.026672	53.343101
1.31	0.026672	53.343101
1.32	0.026672	53.343101
1.33	0.026672	53.343101
1.34	0.026672	53.343101
1.35	0.026672	53.343101
1.36	0.026672	53.343101
1.37	0.026672	53.343101
1.38	0.026672	53.343101
1.39	0.026672	53.343101
1.4	0.026672	53.343101
1.41	0.026611	53.221001
1.42	0.026672	53.343101
1.43	0.026611	53.221001
1.44	0.026611	53.221001
1.45	0.026611	53.221001
1.46	0.026611	53.221001
1.47	0.026611	53.221001
1.48	0.026672	53.343101
1.49	0.026611	53.221001
1.5	0.026611	53.221001
1.51	0.026611	53.221001
1.52	0.026611	53.221001
1.53	0.026611	53.221001
1.54	0.026611	53.221001
1.55	0.026611	53.221001
1.56	0.026611	53.221001
1.57	0.026611	53.221001
1.58	0.026611	53.221001
1.59	0.026611	53.221001
1.6	0.026611	53.221001
1.61	0.026611	53.221001
1.62	0.026611	53.221001
1.63	0.026611	53.221001
1.64	0.026549	53.098901
1.65	0.026611	53.221001
1.66	0.026611	53.221001
1.67	0.026549	53.098901
1.68	0.026549	53.098901
1.69	0.026611	53.221001
1.7	0.026549	53.098901
1.71	0.026549	53.098901
1.72	0.026549	53.098901
1.73	0.026549	53.098901
1.74	0.026549	53.098901
1.75	0.026549	53.098901
1.76	0.026549	53.098901
1.77	0.026549	53.098901
1.78	0.026549	53.098901
1.79	0.026549	53.098901
1.8	0.026549	53.098901
1.81	0.026549	53.098901
1.82	0.026549	53.098901
1.83	0.026549	53.098901
1.84	0.026549	53.098901
1.85	0.026549	53.098901
1.86	0.026549	53.098901
1.87	0.026549	53.098901
1.88	0.026549	53.098901
1.89	0.026549	53.098901
1.9	0.026549	53.098901
1.91	0.026549	53.098901
1.92	0.026549	53.098901
1.93	0.026549	53.098901
1.94	0.026549	53.098901
1.95	0.026549	53.098901
1.96	0.026549	53.098901
1.97	0.026549	53.098901
1.98	0.026549	53.098901
1.99	0.026549	53.098901
