-0.01	-0.00309	-6.179731
0	-0.00309	-6.179731
0.01	-0.00309	-6.179731
0.02	-0.00309	-6.179731
0.03	-0.003084	-6.167521
0.04	-0.003084	-6.167521
0.05	-0.003084	-6.167521
0.06	-0.003084	-6.167521
0.07	-0.003084	-6.167521
0.08	-0.003084	-6.167521
0.09	-0.003084	-6.167521
0.1	-0.003078	-6.155311
0.11	-0.003078	-6.155311
0.12	-0.003078	-6.155311
0.13	-0.003078	-6.155311
0.14	-0.003072	-6.143101
0.15	-0.003072	-6.143101
0.16	-0.003072	-6.143101
0.17	-0.003072	-6.143101
0.18	-0.003065	-6.130891
0.19	-0.003065	-6.130891
0.2	-0.003065	-6.130891
0.21	-0.003059	-6.118681
0.22	-0.003059	-6.118681
0.23	-0.003053	-6.106471
0.24	-0.003053	-6.106471
0.25	-0.003053	-6.106471
0.26	-0.003047	-6.094261
0.27	-0.003047	-6.094261
0.28	-0.003041	-6.082051
0.29	-0.003041	-6.082051
0.3	-0.003035	-6.069841
0.31	-0.003035	-6.069841
0.32	-0.003029	-6.057631
0.33	-0.003029	-6.057631
0.34	-0.003023	-6.045421
0.35	-0.003017	-6.033211
0.36	-0.003017	-6.033211
0.37	-0.003011	-6.021001
0.38	-0.003004	-6.008791
0.39	-0.003004	-6.008791
0.4	-0.002998	-5.996581
0.41	-0.002992	-5.984371
0.42	-0.002992	-5.984371
0.43	-0.00298	-5.959951
0.44	-0.002974	-5.947741
0.45	-0.002968	-5.935531
0.46	-0.002962	-5.923321
0.47	-0.002956	-5.911111
0.48	-0.002943	-5.886691
0.49	-0.002937	-5.874481
0.5	-0.002931	-5.862271
0.51	-0.002919	-5.837851
0.52	-0.002907	-5.813431
0.53	-0.002895	-5.789011
0.54	-0.002882	-5.764591
0.55	-0.002864	-5.727961
0.56	-0.002846	-5.691331
0.57	-0.002827	-5.654701
0.58	-0.002809	-5.618071
0.59	-0.002779	-5.557021
0.6	-0.002754	-5.508181
0.61	-0.002711	-5.422711
0.62	-0.002675	-5.349451
0.63	-0.002614	-5.22735
0.64	-0.002565	-5.12967
0.65	-0.002479	-4.95873
0.66	-0.002412	-4.82442
0.67	-0.002284	-4.56801
0.68	-0.002186	-4.37265
0.69	-0.002009	-4.018559
0.7	-0.001875	-3.749939
0.71	-0.001631	-3.261538
0.72	-0.001454	-2.907448
0.73	-0.001161	-2.321368
0.74	-0.000949	-1.89826
0.75	-0.000562	-1.124592
0.76	-0.000287	-0.574592
0.77	0.00016	0.320076
0.78	0.000487	0.973965
0.79	0.000975	1.9493
0.8	0.001306	2.611477
0.81	0.001867	3.734799
0.82	0.002221	4.442979
0.83	0.002795	5.59072
0.84	0.003192	6.384371
0.85	0.003784	7.568742
0.86	0.004187	8.374603
0.87	0.004816	9.632234
0.88	0.005189	10.377045
0.89	0.00583	11.659096
0.9	0.006239	12.477167
0.91	0.006843	13.685958
0.92	0.007246	14.491819
0.93	0.007881	15.761661
0.94	0.008278	16.555311
0.95	0.008864	17.727473
0.96	0.009248	18.496703
0.97	0.009883	19.766545
0.98	0.010256	20.511355
0.99	0.010823	21.646886
1	0.011409	22.818071
1.01	0.011958	23.916972
1.02	0.012325	24.649573
1.03	0.012935	25.870574
1.04	0.013241	26.481074
1.05	0.013851	27.702076
1.06	0.014278	28.556777
1.07	0.014706	29.411477
1.08	0.015072	30.144078
1.09	0.015621	31.242979
1.1	0.015988	31.97558
1.11	0.016537	33.074481
1.12	0.016904	33.807082
1.13	0.017453	34.905983
1.14	0.017941	35.882784
1.15	0.018369	36.737485
1.16	0.018735	37.470085
1.17	0.019284	38.568987
1.18	0.019651	39.301587
1.19	0.020139	40.278388
1.2	0.020628	41.255189
1.21	0.021177	42.35409
1.22	0.021543	43.086691
1.23	0.022154	44.307692
1.24	0.022459	44.918193
1.25	0.02307	46.139194
1.26	0.023436	46.871795
1.27	0.024046	48.092796
1.28	0.024413	48.825397
1.29	0.025023	50.046398
1.3	0.025389	50.778999
1.31	0.026	52
1.32	0.025939	51.8779
1.33	0.026305	52.610501
1.34	0.027038	54.075702
1.35	0.027038	54.075702
1.36	0.026977	53.953602
1.37	0.026977	53.953602
1.38	0.026977	53.953602
1.39	0.026977	53.953602
1.4	0.026977	53.953602
1.41	0.026977	53.953602
1.42	0.026977	53.953602
1.43	0.026977	53.953602
1.44	0.026977	53.953602
1.45	0.026916	53.831502
1.46	0.026977	53.953602
1.47	0.026916	53.831502
1.48	0.026916	53.831502
1.49	0.026916	53.831502
1.5	0.026916	53.831502
1.51	0.026916	53.831502
1.52	0.026916	53.831502
1.53	0.026916	53.831502
1.54	0.026855	53.709402
1.55	0.026916	53.831502
1.56	0.026916	53.831502
1.57	0.026916	53.831502
1.58	0.026916	53.831502
1.59	0.026916	53.831502
1.6	0.026916	53.831502
1.61	0.026855	53.709402
1.62	0.026855	53.709402
1.63	0.026855	53.709402
1.64	0.026855	53.709402
1.65	0.026855	53.709402
1.66	0.026855	53.709402
1.67	0.026855	53.709402
1.68	0.026855	53.709402
1.69	0.026855	53.709402
1.7	0.026855	53.709402
1.71	0.026855	53.709402
1.72	0.026855	53.709402
1.73	0.026855	53.709402
1.74	0.026855	53.709402
1.75	0.026855	53.709402
1.76	0.026794	53.587302
1.77	0.026855	53.709402
1.78	0.026855	53.709402
1.79	0.026855	53.709402
1.8	0.026855	53.709402
1.81	0.026794	53.587302
1.82	0.026855	53.709402
1.83	0.026794	53.587302
1.84	0.026794	53.587302
1.85	0.026794	53.587302
1.86	0.026794	53.587302
1.87	0.026794	53.587302
1.88	0.026794	53.587302
1.89	0.026794	53.587302
1.9	0.026794	53.587302
1.91	0.026794	53.587302
1.92	0.026794	53.587302
1.93	0.026794	53.587302
1.94	0.026794	53.587302
1.95	0.026794	53.587302
1.96	0.026794	53.587302
1.97	0.026794	53.587302
1.98	0.026733	53.465201
1.99	0.026733	53.465201
