-0.01	-3.968987E-8	-7.937973E-5
0	-2.07033E-8	-4.140659E-5
0.01	2.56337E-8	5.12674E-5
0.02	7.61221E-8	0.000152
0.03	1.65121E-7	0.00033
0.04	2.356339E-7	0.000471
0.05	3.202494E-7	0.00064
0.06	3.504692E-7	0.000701
0.07	4.290407E-7	0.000858
0.08	4.370993E-7	0.000874
0.09	5.391751E-7	0.001078
0.1	5.653656E-7	0.001131
0.11	6.452803E-7	0.001291
0.12	6.909457E-7	0.001382
0.13	7.829483E-7	0.001566
0.14	8.024233E-7	0.001605
0.15	9.065137E-7	0.001813
0.16	9.333758E-7	0.001867
0.17	1.032765E-6	0.002066
0.18	1.067014E-6	0.002134
0.19	1.16909E-6	0.002338
0.2	1.204683E-6	0.002409
0.21	1.263313E-6	0.002527
0.22	1.349639E-6	0.002699
0.23	1.44213E-6	0.002884
0.24	1.509958E-6	0.00302
0.25	1.63328E-6	0.003267
0.26	1.66411E-6	0.003328
0.27	1.731938E-6	0.003464
0.28	1.879924E-6	0.00376
0.29	1.941585E-6	0.003883
0.3	1.99708E-6	0.003994
0.31	2.071074E-6	0.004142
0.32	2.206728E-6	0.004413
0.33	2.293054E-6	0.004586
0.34	2.360881E-6	0.004722
0.35	2.527366E-6	0.005055
0.36	2.601359E-6	0.005203
0.37	2.718516E-6	0.005437
0.38	2.817173E-6	0.005634
0.39	2.958994E-6	0.005918
0.4	3.100815E-6	0.006202
0.41	3.242635E-6	0.006485
0.42	3.285798E-6	0.006572
0.43	3.569439E-6	0.007139
0.44	3.760589E-6	0.007521
0.45	3.865412E-6	0.007731
0.46	4.031897E-6	0.008064
0.47	4.278542E-6	0.008557
0.48	4.445027E-6	0.00889
0.49	4.697838E-6	0.009396
0.5	4.969147E-6	0.009938
0.51	5.18496E-6	0.01037
0.52	5.400774E-6	0.010802
0.53	5.875565E-6	0.011751
0.54	6.017386E-6	0.012035
0.55	6.45518E-6	0.01291
0.56	6.936136E-6	0.013872
0.57	7.367764E-6	0.014736
0.58	7.861053E-6	0.015722
0.59	8.730475E-6	0.017461
0.6	9.223764E-6	0.018448
0.61	1.029667E-5	0.020593
0.62	1.135934E-5	0.022719
0.63	1.319268E-5	0.026385
0.64	1.435379E-5	0.028708
0.65	1.698157E-5	0.033963
0.66	1.924269E-5	0.038485
0.67	2.339825E-5	0.046796
0.68	2.70038E-5	0.054008
0.69	3.415381E-5	0.068308
0.7	3.995937E-5	0.079919
0.71	5.138716E-5	0.102774
0.72	6.055384E-5	0.121108
0.73	7.943719E-5	0.158874
0.74	9.593721E-5	0.191874
0.75	0.000128	0.25652
0.76	0.000154	0.307854
0.77	0.000204	0.408076
0.78	0.000244	0.488743
0.79	0.000322	0.643965
0.8	0.000385	0.769854
0.81	0.000494	0.988632
0.82	0.000579	1.157299
0.83	0.000712	1.424966
0.84	0.000813	1.626633
0.85	0.000964	1.928522
0.86	0.001068	2.135078
0.87	0.001232	2.464957
0.88	0.001336	2.672527
0.89	0.001501	3.002198
0.9	0.001605	3.209768
0.91	0.001776	3.551648
0.92	0.001886	3.771429
0.93	0.002063	4.125519
0.94	0.002191	4.381929
0.95	0.002374	4.74823
0.96	0.002502	5.00464
0.97	0.002698	5.39536
0.98	0.002832	5.66398
0.99	0.003046	6.091331
1	0.003186	6.372161
1.01	0.003412	6.823932
1.02	0.003558	7.116972
1.03	0.00379	7.580952
1.04	0.003943	7.886203
1.05	0.004187	8.374603
1.06	0.004401	8.801954
1.07	0.004615	9.229304
1.08	0.004798	9.595604
1.09	0.005054	10.108425
1.1	0.005243	10.486935
1.11	0.005524	11.048596
1.12	0.005707	11.414896
1.13	0.005994	11.988767
1.14	0.006245	12.489377
1.15	0.006495	12.989988
1.16	0.006696	13.392918
1.17	0.007014	14.027839
1.18	0.007234	14.467399
1.19	0.007496	14.99243
1.2	0.007771	15.54188
1.21	0.008113	16.225641
1.22	0.008339	16.677411
1.23	0.008681	17.361172
1.24	0.008931	17.861783
1.25	0.009285	18.569963
1.26	0.009529	19.058364
1.27	0.009889	19.778755
1.28	0.010146	20.291575
1.29	0.010518	21.036386
1.3	0.010781	21.561416
1.31	0.011348	22.695971
1.32	0.011592	23.184371
1.33	0.01202	24.039072
1.34	0.012325	24.649573
1.35	0.012691	25.382173
1.36	0.012996	25.992674
1.37	0.013424	26.847375
1.38	0.013668	27.335775
1.39	0.014095	28.190476
1.4	0.0144	28.800977
1.41	0.014889	29.777778
1.42	0.015133	30.266178
1.43	0.015621	31.242979
1.44	0.015866	31.73138
1.45	0.016354	32.708181
1.46	0.016659	33.318681
1.47	0.017148	34.295482
1.48	0.017453	34.905983
1.49	0.01788	35.760684
1.5	0.018247	36.493284
1.51	0.018735	37.470085
1.52	0.01904	38.080586
1.53	0.019529	39.057387
1.54	0.019834	39.667888
1.55	0.020322	40.644689
1.56	0.02075	41.499389
1.57	0.021177	42.35409
1.58	0.021543	43.086691
1.59	0.022032	44.063492
1.6	0.022398	44.796093
1.61	0.022886	45.772894
1.62	0.023253	46.505495
1.63	0.023741	47.482295
1.64	0.024168	48.336996
1.65	0.024657	49.313797
1.66	0.024962	49.924298
1.67	0.025573	51.145299
1.68	0.025878	51.7558
1.69	0.026305	52.610501
1.7	0.026244	52.4884
1.71	0.026733	53.465201
1.72	0.027404	54.808303
1.73	0.027404	54.808303
1.74	0.027404	54.808303
1.75	0.027343	54.686203
1.76	0.027343	54.686203
1.77	0.027343	54.686203
1.78	0.027343	54.686203
1.79	0.027343	54.686203
1.8	0.027343	54.686203
1.81	0.027343	54.686203
1.82	0.027343	54.686203
1.83	0.027343	54.686203
1.84	0.027343	54.686203
1.85	0.027343	54.686203
1.86	0.027282	54.564103
1.87	0.027282	54.564103
1.88	0.027282	54.564103
1.89	0.027282	54.564103
1.9	0.027282	54.564103
1.91	0.027282	54.564103
1.92	0.027282	54.564103
1.93	0.027282	54.564103
1.94	0.027221	54.442002
1.95	0.027282	54.564103
1.96	0.027282	54.564103
1.97	0.027221	54.442002
1.98	0.027221	54.442002
1.99	0.027221	54.442002
