-0.01	-0.001576	-3.151648
0	-0.001576	-3.151648
0.01	-0.001582	-3.163858
0.02	-0.001576	-3.151648
0.03	-0.001576	-3.151648
0.04	-0.001576	-3.151648
0.05	-0.001576	-3.151648
0.06	-0.001576	-3.151648
0.07	-0.001576	-3.151648
0.08	-0.001576	-3.151648
0.09	-0.001576	-3.151648
0.1	-0.00157	-3.139438
0.11	-0.00157	-3.139438
0.12	-0.00157	-3.139438
0.13	-0.00157	-3.139438
0.14	-0.00157	-3.139438
0.15	-0.00157	-3.139438
0.16	-0.00157	-3.139438
0.17	-0.001564	-3.127228
0.18	-0.001564	-3.127228
0.19	-0.001564	-3.127228
0.2	-0.001564	-3.127228
0.21	-0.001564	-3.127228
0.22	-0.001564	-3.127228
0.23	-0.001558	-3.115018
0.24	-0.001558	-3.115018
0.25	-0.001558	-3.115018
0.26	-0.001558	-3.115018
0.27	-0.001551	-3.102808
0.28	-0.001551	-3.102808
0.29	-0.001551	-3.102808
0.3	-0.001545	-3.090598
0.31	-0.001545	-3.090598
0.32	-0.001545	-3.090598
0.33	-0.001539	-3.078388
0.34	-0.001539	-3.078388
0.35	-0.001539	-3.078388
0.36	-0.001533	-3.066178
0.37	-0.001533	-3.066178
0.38	-0.001527	-3.053968
0.39	-0.001527	-3.053968
0.4	-0.001527	-3.053968
0.41	-0.001521	-3.041758
0.42	-0.001515	-3.029548
0.43	-0.001515	-3.029548
0.44	-0.001509	-3.017338
0.45	-0.001503	-3.005128
0.46	-0.001503	-3.005128
0.47	-0.001496	-2.992918
0.48	-0.00149	-2.980708
0.49	-0.001478	-2.956288
0.5	-0.001478	-2.956288
0.51	-0.001466	-2.931868
0.52	-0.001454	-2.907448
0.53	-0.001442	-2.883028
0.54	-0.001435	-2.870818
0.55	-0.001417	-2.834188
0.56	-0.001393	-2.785348
0.57	-0.001374	-2.748718
0.58	-0.00135	-2.699878
0.59	-0.001313	-2.626618
0.6	-0.001283	-2.565568
0.61	-0.001228	-2.455678
0.62	-0.001185	-2.370208
0.63	-0.001106	-2.211477
0.64	-0.001039	-2.077167
0.65	-0.000929	-1.857926
0.66	-0.000835	-1.669704
0.67	-0.000669	-1.338481
0.68	-0.000532	-1.064703
0.69	-0.000301	-0.602703
0.7	-0.000136	-0.27148
0.71	0.000161	0.32252
0.72	0.000392	0.783299
0.73	0.000766	1.532522
0.74	0.001033	2.065411
0.75	0.001483	2.965568
0.76	0.001782	3.563858
0.77	0.002301	4.601709
0.78	0.002661	5.3221
0.79	0.003223	6.445421
0.8	0.00362	7.239072
0.81	0.004224	8.447863
0.82	0.004651	9.302564
0.83	0.005292	10.584615
0.84	0.005738	11.475946
0.85	0.006416	12.831258
0.86	0.006867	13.734799
0.87	0.007594	15.18779
0.88	0.008058	16.115751
0.89	0.008784	17.568742
0.9	0.009267	18.533333
0.91	0.010005	20.010745
0.92	0.010518	21.036386
0.93	0.011409	22.818071
0.94	0.011958	23.916972
0.95	0.012691	25.382173
0.96	0.013241	26.481074
0.97	0.014034	28.068376
0.98	0.014523	29.045177
0.99	0.015255	30.510379
1	0.015805	31.60928
1.01	0.016598	33.196581
1.02	0.017148	34.295482
1.03	0.01788	35.760684
1.04	0.01843	36.859585
1.05	0.019162	38.324786
1.06	0.019834	39.667888
1.07	0.020505	41.010989
1.08	0.020994	41.98779
1.09	0.021726	43.452991
1.1	0.022276	44.551893
1.11	0.023009	46.017094
1.12	0.023558	47.115995
1.13	0.024291	48.581197
1.14	0.024901	49.802198
1.15	0.025512	51.023199
1.16	0.026	52
1.17	0.026122	52.2442
1.18	0.026549	53.098901
1.19	0.02716	54.319902
1.2	0.02716	54.319902
1.21	0.027099	54.197802
1.22	0.027099	54.197802
1.23	0.027099	54.197802
1.24	0.027099	54.197802
1.25	0.027099	54.197802
1.26	0.027099	54.197802
1.27	0.027099	54.197802
1.28	0.027038	54.075702
1.29	0.027099	54.197802
1.3	0.027038	54.075702
1.31	0.027038	54.075702
1.32	0.027038	54.075702
1.33	0.027038	54.075702
1.34	0.027038	54.075702
1.35	0.027038	54.075702
1.36	0.027038	54.075702
1.37	0.027038	54.075702
1.38	0.027038	54.075702
1.39	0.026977	53.953602
1.4	0.026977	53.953602
1.41	0.026977	53.953602
1.42	0.026977	53.953602
1.43	0.026977	53.953602
1.44	0.027038	54.075702
1.45	0.026977	53.953602
1.46	0.026977	53.953602
1.47	0.026977	53.953602
1.48	0.026977	53.953602
1.49	0.026977	53.953602
1.5	0.026977	53.953602
1.51	0.026977	53.953602
1.52	0.026977	53.953602
1.53	0.026977	53.953602
1.54	0.026916	53.831502
1.55	0.026977	53.953602
1.56	0.026916	53.831502
1.57	0.026916	53.831502
1.58	0.026977	53.953602
1.59	0.026916	53.831502
1.6	0.026916	53.831502
1.61	0.026916	53.831502
1.62	0.026916	53.831502
1.63	0.026916	53.831502
1.64	0.026916	53.831502
1.65	0.026916	53.831502
1.66	0.026916	53.831502
1.67	0.026916	53.831502
1.68	0.026916	53.831502
1.69	0.026916	53.831502
1.7	0.026916	53.831502
1.71	0.026855	53.709402
1.72	0.026916	53.831502
1.73	0.026916	53.831502
1.74	0.026855	53.709402
1.75	0.026855	53.709402
1.76	0.026916	53.831502
1.77	0.026855	53.709402
1.78	0.026855	53.709402
1.79	0.026855	53.709402
1.8	0.026855	53.709402
1.81	0.026855	53.709402
1.82	0.026855	53.709402
1.83	0.026855	53.709402
1.84	0.026855	53.709402
1.85	0.026855	53.709402
1.86	0.026855	53.709402
1.87	0.026855	53.709402
1.88	0.026855	53.709402
1.89	0.026855	53.709402
1.9	0.026855	53.709402
1.91	0.026855	53.709402
1.92	0.026855	53.709402
1.93	0.026855	53.709402
1.94	0.026855	53.709402
1.95	0.026855	53.709402
1.96	0.026855	53.709402
1.97	0.026855	53.709402
1.98	0.026794	53.587302
1.99	0.026794	53.587302
