-0.01	-0.003053	-6.106471
0	-0.003053	-6.106471
0.01	-0.003053	-6.106471
0.02	-0.003047	-6.094261
0.03	-0.003047	-6.094261
0.04	-0.003053	-6.106471
0.05	-0.003047	-6.094261
0.06	-0.003047	-6.094261
0.07	-0.003047	-6.094261
0.08	-0.003047	-6.094261
0.09	-0.003047	-6.094261
0.1	-0.003047	-6.094261
0.11	-0.003041	-6.082051
0.12	-0.003041	-6.082051
0.13	-0.003041	-6.082051
0.14	-0.003041	-6.082051
0.15	-0.003041	-6.082051
0.16	-0.003035	-6.069841
0.17	-0.003035	-6.069841
0.18	-0.003035	-6.069841
0.19	-0.003029	-6.057631
0.2	-0.003029	-6.057631
0.21	-0.003029	-6.057631
0.22	-0.003023	-6.045421
0.23	-0.003023	-6.045421
0.24	-0.003017	-6.033211
0.25	-0.003017	-6.033211
0.26	-0.003017	-6.033211
0.27	-0.003011	-6.021001
0.28	-0.003011	-6.021001
0.29	-0.003004	-6.008791
0.3	-0.003004	-6.008791
0.31	-0.002998	-5.996581
0.32	-0.002998	-5.996581
0.33	-0.002992	-5.984371
0.34	-0.002992	-5.984371
0.35	-0.002986	-5.972161
0.36	-0.002986	-5.972161
0.37	-0.00298	-5.959951
0.38	-0.002974	-5.947741
0.39	-0.002968	-5.935531
0.4	-0.002968	-5.935531
0.41	-0.002962	-5.923321
0.42	-0.002956	-5.911111
0.43	-0.002949	-5.898901
0.44	-0.002943	-5.886691
0.45	-0.002937	-5.874481
0.46	-0.002931	-5.862271
0.47	-0.002925	-5.850061
0.48	-0.002919	-5.837851
0.49	-0.002913	-5.825641
0.5	-0.002907	-5.813431
0.51	-0.002895	-5.789011
0.52	-0.002888	-5.776801
0.53	-0.002882	-5.764591
0.54	-0.002876	-5.752381
0.55	-0.002864	-5.727961
0.56	-0.002852	-5.703541
0.57	-0.002846	-5.691331
0.58	-0.002833	-5.666911
0.59	-0.002821	-5.642491
0.6	-0.002815	-5.630281
0.61	-0.002797	-5.593651
0.62	-0.002791	-5.581441
0.63	-0.002772	-5.544811
0.64	-0.00276	-5.520391
0.65	-0.002736	-5.471551
0.66	-0.002724	-5.447131
0.67	-0.002693	-5.386081
0.68	-0.002675	-5.349451
0.69	-0.002638	-5.27619
0.7	-0.002614	-5.22735
0.71	-0.002565	-5.12967
0.72	-0.002516	-5.03199
0.73	-0.002443	-4.88547
0.74	-0.002382	-4.76337
0.75	-0.002266	-4.53138
0.76	-0.002174	-4.34823
0.77	-0.002009	-4.018559
0.78	-0.001875	-3.749939
0.79	-0.001655	-3.310379
0.8	-0.001496	-2.992918
0.81	-0.001228	-2.455678
0.82	-0.001057	-2.113797
0.83	-0.000809	-1.618371
0.84	-0.00063	-1.259037
0.85	-0.000399	-0.797036
0.86	-0.000263	-0.525703
0.87	-9.387409E-5	-0.187748
0.88	-1.037831E-5	-0.020757
0.89	9.349276E-5	0.186986
0.9	0.00015	0.30052
0.91	0.000222	0.444743
0.92	0.00027	0.540076
0.93	0.000337	0.673298
0.94	0.000384	0.76741
0.95	0.000456	0.912854
0.96	0.000507	1.013077
0.97	0.000591	1.182966
0.98	0.000645	1.289299
0.99	0.000739	1.477521
1	0.000803	1.605855
1.01	0.000903	1.8063
1.02	0.000975	1.9493
1.03	0.001088	2.176633
1.04	0.001159	2.318437
1.05	0.001281	2.562637
1.06	0.001385	2.770208
1.07	0.001495	2.989988
1.08	0.001587	3.173138
1.09	0.001727	3.453968
1.1	0.001825	3.649328
1.11	0.001977	3.954579
1.12	0.002081	4.162149
1.13	0.002234	4.467399
1.14	0.00238	4.76044
1.15	0.002521	5.04127
1.16	0.002637	5.27326
1.17	0.00282	5.63956
1.18	0.002948	5.895971
1.19	0.003101	6.201221
1.2	0.003265	6.530891
1.21	0.003467	6.933822
1.22	0.003607	7.214652
1.23	0.003815	7.629792
1.24	0.003968	7.935043
1.25	0.004187	8.374603
1.26	0.004346	8.692063
1.27	0.004572	9.143834
1.28	0.004731	9.461294
1.29	0.004981	9.961905
1.3	0.00514	10.279365
1.31	0.00539	10.779976
1.32	0.005567	11.134066
1.33	0.005823	11.646886
1.34	0.006013	12.025397
1.35	0.006281	12.562637
1.36	0.006458	12.916728
1.37	0.006739	13.478388
1.38	0.006941	13.881319
1.39	0.007246	14.491819
1.4	0.007429	14.85812
1.41	0.007734	15.46862
1.42	0.007942	15.883761
1.43	0.008253	16.506471
1.44	0.008455	16.909402
1.45	0.008784	17.568742
1.46	0.009004	18.008303
1.47	0.009328	18.655433
1.48	0.009554	19.107204
1.49	0.009902	19.803175
1.5	0.010127	20.254945
1.51	0.010482	20.963126
1.52	0.010714	21.427106
1.53	0.011287	22.573871
1.54	0.011531	23.062271
1.55	0.011897	23.794872
1.56	0.012203	24.405372
1.57	0.012508	25.015873
1.58	0.012752	25.504274
1.59	0.013179	26.358974
1.6	0.013424	26.847375
1.61	0.013851	27.702076
1.62	0.014095	28.190476
1.63	0.014462	28.923077
1.64	0.014889	29.777778
1.65	0.015194	30.388278
1.66	0.015499	30.998779
1.67	0.015866	31.73138
1.68	0.016171	32.34188
1.69	0.016537	33.074481
1.7	0.016904	33.807082
1.71	0.017331	34.661783
1.72	0.017697	35.394383
1.73	0.018125	36.249084
1.74	0.01843	36.859585
1.75	0.018918	37.836386
1.76	0.019162	38.324786
1.77	0.019651	39.301587
1.78	0.019956	39.912088
1.79	0.020444	40.888889
1.8	0.02075	41.499389
1.81	0.021238	42.47619
1.82	0.021543	43.086691
1.83	0.022093	44.185592
1.84	0.022398	44.796093
1.85	0.022886	45.772894
1.86	0.023253	46.505495
1.87	0.023741	47.482295
1.88	0.024107	48.214896
1.89	0.024596	49.191697
1.9	0.024962	49.924298
1.91	0.025451	50.901099
1.92	0.025817	51.6337
1.93	0.026366	52.732601
1.94	0.026183	52.3663
1.95	0.026611	53.221001
1.96	0.02716	54.319902
1.97	0.027221	54.442002
1.98	0.02716	54.319902
1.99	0.02716	54.319902
