-0.01	-0.005703	-11.405617
0	-0.005703	-11.405617
0.01	-0.005697	-11.393407
0.02	-0.005697	-11.393407
0.03	-0.005691	-11.381197
0.04	-0.005684	-11.368987
0.05	-0.005684	-11.368987
0.06	-0.005678	-11.356777
0.07	-0.005672	-11.344567
0.08	-0.005666	-11.332357
0.09	-0.00566	-11.320147
0.1	-0.005654	-11.307937
0.11	-0.005648	-11.295726
0.12	-0.005648	-11.295726
0.13	-0.005642	-11.283516
0.14	-0.005636	-11.271306
0.15	-0.005623	-11.246886
0.16	-0.005623	-11.246886
0.17	-0.005611	-11.222466
0.18	-0.005605	-11.210256
0.19	-0.005599	-11.198046
0.2	-0.005593	-11.185836
0.21	-0.005581	-11.161416
0.22	-0.005568	-11.136996
0.23	-0.005562	-11.124786
0.24	-0.00555	-11.100366
0.25	-0.005538	-11.075946
0.26	-0.005526	-11.051526
0.27	-0.005514	-11.027106
0.28	-0.005495	-10.990476
0.29	-0.005483	-10.966056
0.3	-0.005471	-10.941636
0.31	-0.005446	-10.892796
0.32	-0.005428	-10.856166
0.33	-0.005404	-10.807326
0.34	-0.005379	-10.758486
0.35	-0.005349	-10.697436
0.36	-0.005318	-10.636386
0.37	-0.005275	-10.550916
0.38	-0.005245	-10.489866
0.39	-0.00519	-10.379976
0.4	-0.005147	-10.294505
0.41	-0.005068	-10.135775
0.42	-0.005007	-10.013675
0.43	-0.004909	-9.818315
0.44	-0.004836	-9.671795
0.45	-0.004695	-9.390965
0.46	-0.004598	-9.195604
0.47	-0.004421	-8.841514
0.48	-0.004305	-8.609524
0.49	-0.004079	-8.157753
0.5	-0.003908	-7.815873
0.51	-0.003639	-7.278632
0.52	-0.003432	-6.863492
0.53	-0.003102	-6.204151
0.54	-0.002858	-5.715751
0.55	-0.002467	-4.93431
0.56	-0.002119	-4.238339
0.57	-0.001741	-3.481319
0.58	-0.001423	-2.846398
0.59	-0.000952	-1.903149
0.6	-0.000587	-1.173481
0.61	-4.871294E-5	-0.097426
0.62	0.000335	0.669632
0.63	0.000956	1.911411
0.64	0.001355	2.709158
0.65	0.002002	4.003419
0.66	0.002429	4.85812
0.67	0.003082	6.164591
0.68	0.003552	7.104762
0.69	0.004254	8.508913
0.7	0.004737	9.473504
0.71	0.005439	10.877656
0.72	0.005952	11.903297
0.73	0.006703	13.405128
0.74	0.007197	14.394139
0.75	0.007954	15.908181
0.76	0.008479	16.958242
0.77	0.009254	18.508913
0.78	0.009779	19.558974
0.79	0.010573	21.146276
0.8	0.011287	22.573871
0.81	0.012081	24.161172
0.82	0.012691	25.382173
0.83	0.013424	26.847375
0.84	0.014034	28.068376
0.85	0.014828	29.655678
0.86	0.015438	30.876679
0.87	0.016293	32.586081
0.88	0.016842	33.684982
0.89	0.017697	35.394383
0.9	0.018247	36.493284
0.91	0.019101	38.202686
0.92	0.019712	39.423687
0.93	0.020567	41.133089
0.94	0.021116	42.23199
0.95	0.021971	43.941392
0.96	0.022581	45.162393
0.97	0.023436	46.871795
0.98	0.023985	47.970696
0.99	0.02484	49.680098
1	0.025451	50.901099
1.01	0.025573	51.145299
1.02	0.026183	52.3663
1.03	0.026855	53.709402
1.04	0.026855	53.709402
1.05	0.026794	53.587302
1.06	0.026855	53.709402
1.07	0.026794	53.587302
1.08	0.026794	53.587302
1.09	0.026794	53.587302
1.1	0.026794	53.587302
1.11	0.026733	53.465201
1.12	0.026794	53.587302
1.13	0.026794	53.587302
1.14	0.026733	53.465201
1.15	0.026733	53.465201
1.16	0.026733	53.465201
1.17	0.026733	53.465201
1.18	0.026733	53.465201
1.19	0.026733	53.465201
1.2	0.026733	53.465201
1.21	0.026733	53.465201
1.22	0.026733	53.465201
1.23	0.026672	53.343101
1.24	0.026672	53.343101
1.25	0.026672	53.343101
1.26	0.026672	53.343101
1.27	0.026672	53.343101
1.28	0.026672	53.343101
1.29	0.026672	53.343101
1.3	0.026672	53.343101
1.31	0.026672	53.343101
1.32	0.026672	53.343101
1.33	0.026672	53.343101
1.34	0.026672	53.343101
1.35	0.026672	53.343101
1.36	0.026611	53.221001
1.37	0.026611	53.221001
1.38	0.026611	53.221001
1.39	0.026611	53.221001
1.4	0.026611	53.221001
1.41	0.026611	53.221001
1.42	0.026611	53.221001
1.43	0.026611	53.221001
1.44	0.026611	53.221001
1.45	0.026611	53.221001
1.46	0.026611	53.221001
1.47	0.026611	53.221001
1.48	0.026611	53.221001
1.49	0.026611	53.221001
1.5	0.026611	53.221001
1.51	0.026611	53.221001
1.52	0.026611	53.221001
1.53	0.026549	53.098901
1.54	0.026549	53.098901
1.55	0.026611	53.221001
1.56	0.026611	53.221001
1.57	0.026611	53.221001
1.58	0.026549	53.098901
1.59	0.026611	53.221001
1.6	0.026611	53.221001
1.61	0.026549	53.098901
1.62	0.026549	53.098901
1.63	0.026611	53.221001
1.64	0.026549	53.098901
1.65	0.026549	53.098901
1.66	0.026549	53.098901
1.67	0.026549	53.098901
1.68	0.026549	53.098901
1.69	0.026549	53.098901
1.7	0.026549	53.098901
1.71	0.026549	53.098901
1.72	0.026549	53.098901
1.73	0.026549	53.098901
1.74	0.026549	53.098901
1.75	0.026549	53.098901
1.76	0.026549	53.098901
1.77	0.026549	53.098901
1.78	0.026549	53.098901
1.79	0.026488	52.976801
1.8	0.026549	53.098901
1.81	0.026549	53.098901
1.82	0.026549	53.098901
1.83	0.026549	53.098901
1.84	0.026549	53.098901
1.85	0.026549	53.098901
1.86	0.026549	53.098901
1.87	0.026549	53.098901
1.88	0.026549	53.098901
1.89	0.026488	52.976801
1.9	0.026488	52.976801
1.91	0.026488	52.976801
1.92	0.026488	52.976801
1.93	0.026488	52.976801
1.94	0.026488	52.976801
1.95	0.026488	52.976801
1.96	0.026488	52.976801
1.97	0.026488	52.976801
1.98	0.026488	52.976801
1.99	0.026488	52.976801
