-0.01	-0.002302	-4.60464
0	-0.002302	-4.60464
0.01	-0.002308	-4.61685
0.02	-0.002308	-4.61685
0.03	-0.002302	-4.60464
0.04	-0.002302	-4.60464
0.05	-0.002302	-4.60464
0.06	-0.002302	-4.60464
0.07	-0.002302	-4.60464
0.08	-0.002302	-4.60464
0.09	-0.002302	-4.60464
0.1	-0.002302	-4.60464
0.11	-0.002302	-4.60464
0.12	-0.002296	-4.59243
0.13	-0.002302	-4.60464
0.14	-0.002296	-4.59243
0.15	-0.002296	-4.59243
0.16	-0.002296	-4.59243
0.17	-0.002296	-4.59243
0.18	-0.002296	-4.59243
0.19	-0.00229	-4.58022
0.2	-0.00229	-4.58022
0.21	-0.00229	-4.58022
0.22	-0.00229	-4.58022
0.23	-0.002284	-4.56801
0.24	-0.002284	-4.56801
0.25	-0.002284	-4.56801
0.26	-0.002278	-4.5558
0.27	-0.002278	-4.5558
0.28	-0.002278	-4.5558
0.29	-0.002272	-4.54359
0.3	-0.002272	-4.54359
0.31	-0.002272	-4.54359
0.32	-0.002266	-4.53138
0.33	-0.002266	-4.53138
0.34	-0.00226	-4.51917
0.35	-0.00226	-4.51917
0.36	-0.002253	-4.50696
0.37	-0.002253	-4.50696
0.38	-0.002253	-4.50696
0.39	-0.002241	-4.48254
0.4	-0.002241	-4.48254
0.41	-0.002235	-4.47033
0.42	-0.002235	-4.47033
0.43	-0.002229	-4.45812
0.44	-0.002223	-4.44591
0.45	-0.002217	-4.4337
0.46	-0.002217	-4.4337
0.47	-0.002211	-4.42149
0.48	-0.002205	-4.40928
0.49	-0.002199	-4.39707
0.5	-0.002192	-4.38486
0.51	-0.002186	-4.37265
0.52	-0.00218	-4.36044
0.53	-0.002174	-4.34823
0.54	-0.002168	-4.33602
0.55	-0.002162	-4.32381
0.56	-0.002156	-4.3116
0.57	-0.00215	-4.299389
0.58	-0.002144	-4.287179
0.59	-0.002131	-4.262759
0.6	-0.002125	-4.250549
0.61	-0.002113	-4.226129
0.62	-0.002107	-4.213919
0.63	-0.002095	-4.189499
0.64	-0.002089	-4.177289
0.65	-0.002076	-4.152869
0.66	-0.002064	-4.128449
0.67	-0.002046	-4.091819
0.68	-0.002034	-4.067399
0.69	-0.002015	-4.030769
0.7	-0.001997	-3.994139
0.71	-0.001967	-3.933089
0.72	-0.001936	-3.872039
0.73	-0.001893	-3.786569
0.74	-0.001857	-3.713309
0.75	-0.001783	-3.566789
0.76	-0.001716	-3.432479
0.77	-0.001606	-3.212698
0.78	-0.001521	-3.041758
0.79	-0.001362	-2.724298
0.8	-0.00124	-2.480098
0.81	-0.001051	-2.101587
0.82	-0.000927	-1.853037
0.83	-0.000714	-1.427704
0.84	-0.000586	-1.172259
0.85	-0.0004	-0.799481
0.86	-0.00029	-0.579481
0.87	-0.000158	-0.31548
0.88	-9.650187E-5	-0.193004
0.89	-2.469625E-5	-0.049392
0.9	6.381186E-6	0.012762
0.91	4.368715E-5	0.087374
0.92	6.257051E-5	0.125141
0.93	9.068165E-5	0.181363
0.94	0.000109	0.218641
0.95	0.00014	0.279743
0.96	0.000161	0.321298
0.97	0.000198	0.395854
0.98	0.000223	0.445965
0.99	0.000265	0.529076
1	0.000294	0.588965
1.01	0.000343	0.685521
1.02	0.000378	0.755187
1.03	0.000432	0.863965
1.04	0.000471	0.942188
1.05	0.000533	1.066854
1.06	0.000589	1.178077
1.07	0.000648	1.29541
1.08	0.000696	1.391966
1.09	0.000774	1.54841
1.1	0.000824	1.648633
1.11	0.00091	1.819744
1.12	0.000969	1.937077
1.13	0.001061	2.122855
1.14	0.001141	2.281807
1.15	0.00122	2.440537
1.16	0.001294	2.587057
1.17	0.001397	2.794628
1.18	0.001464	2.928938
1.19	0.001562	3.124298
1.2	0.001666	3.331868
1.21	0.001788	3.576068
1.22	0.001874	3.747009
1.23	0.002008	4.015629
1.24	0.002093	4.186569
1.25	0.002234	4.467399
1.26	0.002331	4.662759
1.27	0.002478	4.9558
1.28	0.002582	5.16337
1.29	0.002734	5.46862
1.3	0.002844	5.6884
1.31	0.003003	6.005861
1.32	0.003119	6.237851
1.33	0.003296	6.591941
1.34	0.003412	6.823932
1.35	0.003595	7.190232
1.36	0.003717	7.434432
1.37	0.0039	7.800733
1.38	0.004035	8.069353
1.39	0.004242	8.484493
1.4	0.004377	8.753114
1.41	0.004578	9.156044
1.42	0.004725	9.449084
1.43	0.004938	9.876435
1.44	0.005085	10.169475
1.45	0.005323	10.645665
1.46	0.005469	10.938706
1.47	0.005701	11.402686
1.48	0.00586	11.720147
1.49	0.006104	12.208547
1.5	0.006275	12.550427
1.51	0.006526	13.051038
1.52	0.00669	13.380708
1.53	0.006953	13.905739
1.54	0.007136	14.272039
1.55	0.007405	14.80928
1.56	0.007631	15.26105
1.57	0.007875	15.749451
1.58	0.008058	16.115751
1.59	0.008339	16.677411
1.6	0.00854	17.080342
1.61	0.008839	17.678632
1.62	0.009035	18.069353
1.63	0.00934	18.679853
1.64	0.009596	19.192674
1.65	0.009853	19.705495
1.66	0.010066	20.132845
1.67	0.010396	20.792186
1.68	0.010616	21.231746
1.69	0.010884	21.768987
1.7	0.011348	22.695971
1.71	0.011714	23.428571
1.72	0.011958	23.916972
1.73	0.012264	24.527473
1.74	0.012569	25.137973
1.75	0.012874	25.748474
1.76	0.013118	26.236874
1.77	0.013485	26.969475
1.78	0.013729	27.457875
1.79	0.014095	28.190476
1.8	0.014339	28.678877
1.81	0.014767	29.533578
1.82	0.015011	30.021978
1.83	0.015438	30.876679
1.84	0.015683	31.365079
1.85	0.01611	32.21978
1.86	0.016354	32.708181
1.87	0.016781	33.562882
1.88	0.017026	34.051282
1.89	0.017453	34.905983
1.9	0.017758	35.516484
1.91	0.018186	36.371184
1.92	0.018491	36.981685
1.93	0.018918	37.836386
1.94	0.019223	38.446886
1.95	0.019651	39.301587
1.96	0.019895	39.789988
1.97	0.020383	40.766789
1.98	0.020689	41.377289
1.99	0.021116	42.23199
