-0.01	-0.002357	-4.71453
0	-0.002357	-4.71453
0.01	-0.002351	-4.70232
0.02	-0.002351	-4.70232
0.03	-0.002351	-4.70232
0.04	-0.002351	-4.70232
0.05	-0.002351	-4.70232
0.06	-0.002351	-4.70232
0.07	-0.002345	-4.69011
0.08	-0.002351	-4.70232
0.09	-0.002345	-4.69011
0.1	-0.002345	-4.69011
0.11	-0.002345	-4.69011
0.12	-0.002345	-4.69011
0.13	-0.002339	-4.6779
0.14	-0.002339	-4.6779
0.15	-0.002339	-4.6779
0.16	-0.002333	-4.66569
0.17	-0.002333	-4.66569
0.18	-0.002333	-4.66569
0.19	-0.002333	-4.66569
0.2	-0.002327	-4.65348
0.21	-0.002327	-4.65348
0.22	-0.002321	-4.64127
0.23	-0.002321	-4.64127
0.24	-0.002321	-4.64127
0.25	-0.002315	-4.62906
0.26	-0.002315	-4.62906
0.27	-0.002308	-4.61685
0.28	-0.002308	-4.61685
0.29	-0.002302	-4.60464
0.3	-0.002302	-4.60464
0.31	-0.002296	-4.59243
0.32	-0.002296	-4.59243
0.33	-0.00229	-4.58022
0.34	-0.002284	-4.56801
0.35	-0.002284	-4.56801
0.36	-0.002278	-4.5558
0.37	-0.002272	-4.54359
0.38	-0.002266	-4.53138
0.39	-0.00226	-4.51917
0.4	-0.002253	-4.50696
0.41	-0.002253	-4.50696
0.42	-0.002241	-4.48254
0.43	-0.002235	-4.47033
0.44	-0.002223	-4.44591
0.45	-0.002217	-4.4337
0.46	-0.002205	-4.40928
0.47	-0.002192	-4.38486
0.48	-0.00218	-4.36044
0.49	-0.002162	-4.32381
0.5	-0.002144	-4.287179
0.51	-0.002119	-4.238339
0.52	-0.002101	-4.201709
0.53	-0.002058	-4.116239
0.54	-0.002034	-4.067399
0.55	-0.001979	-3.957509
0.56	-0.001924	-3.847619
0.57	-0.001863	-3.725519
0.58	-0.001808	-3.615629
0.59	-0.001704	-3.408059
0.6	-0.001619	-3.237118
0.61	-0.001478	-2.956288
0.62	-0.001362	-2.724298
0.63	-0.001167	-2.333578
0.64	-0.00102	-2.040537
0.65	-0.000767	-1.534037
0.66	-0.000576	-1.151481
0.67	-0.000256	-0.512258
0.68	-1.13129E-5	-0.022626
0.69	0.000387	0.774743
0.7	0.000679	1.357744
0.71	0.001141	2.281807
0.72	0.001489	2.977778
0.73	0.001996	3.991209
0.74	0.002362	4.72381
0.75	0.00296	5.920391
0.76	0.003369	6.738462
0.77	0.00398	7.959463
0.78	0.004425	8.850794
0.79	0.005103	10.206105
0.8	0.005555	11.109646
0.81	0.006251	12.501587
0.82	0.006758	13.515018
0.83	0.007484	14.96801
0.84	0.007985	15.969231
0.85	0.008723	17.446642
0.86	0.00923	18.460073
0.87	0.01003	20.059585
0.88	0.010549	21.097436
0.89	0.011531	23.062271
0.9	0.012081	24.161172
0.91	0.012874	25.748474
0.92	0.013424	26.847375
0.93	0.014278	28.556777
0.94	0.014828	29.655678
0.95	0.015621	31.242979
0.96	0.016232	32.46398
0.97	0.017026	34.051282
0.98	0.017636	35.272283
0.99	0.01843	36.859585
1	0.01904	38.080586
1.01	0.019895	39.789988
1.02	0.020444	40.888889
1.03	0.021299	42.598291
1.04	0.02191	43.819292
1.05	0.022764	45.528694
1.06	0.023436	46.871795
1.07	0.024168	48.336996
1.08	0.024779	49.557998
1.09	0.025634	51.267399
1.1	0.026244	52.4884
1.11	0.026122	52.2442
1.12	0.027099	54.197802
1.13	0.027099	54.197802
1.14	0.027099	54.197802
1.15	0.027038	54.075702
1.16	0.027038	54.075702
1.17	0.027038	54.075702
1.18	0.027038	54.075702
1.19	0.027038	54.075702
1.2	0.027038	54.075702
1.21	0.027038	54.075702
1.22	0.027038	54.075702
1.23	0.027038	54.075702
1.24	0.026977	53.953602
1.25	0.026977	53.953602
1.26	0.026977	53.953602
1.27	0.026977	53.953602
1.28	0.026977	53.953602
1.29	0.026977	53.953602
1.3	0.026977	53.953602
1.31	0.026977	53.953602
1.32	0.026977	53.953602
1.33	0.026977	53.953602
1.34	0.026977	53.953602
1.35	0.026916	53.831502
1.36	0.026916	53.831502
1.37	0.026916	53.831502
1.38	0.026977	53.953602
1.39	0.026916	53.831502
1.4	0.026916	53.831502
1.41	0.026916	53.831502
1.42	0.026916	53.831502
1.43	0.026916	53.831502
1.44	0.026916	53.831502
1.45	0.026916	53.831502
1.46	0.026916	53.831502
1.47	0.026916	53.831502
1.48	0.026855	53.709402
1.49	0.026916	53.831502
1.5	0.026855	53.709402
1.51	0.026855	53.709402
1.52	0.026855	53.709402
1.53	0.026855	53.709402
1.54	0.026855	53.709402
1.55	0.026855	53.709402
1.56	0.026855	53.709402
1.57	0.026855	53.709402
1.58	0.026855	53.709402
1.59	0.026855	53.709402
1.6	0.026855	53.709402
1.61	0.026855	53.709402
1.62	0.026855	53.709402
1.63	0.026855	53.709402
1.64	0.026855	53.709402
1.65	0.026794	53.587302
1.66	0.026855	53.709402
1.67	0.026855	53.709402
1.68	0.026794	53.587302
1.69	0.026794	53.587302
1.7	0.026794	53.587302
1.71	0.026794	53.587302
1.72	0.026794	53.587302
1.73	0.026794	53.587302
1.74	0.026794	53.587302
1.75	0.026794	53.587302
1.76	0.026794	53.587302
1.77	0.026794	53.587302
1.78	0.026794	53.587302
1.79	0.026794	53.587302
1.8	0.026794	53.587302
1.81	0.026794	53.587302
1.82	0.026794	53.587302
1.83	0.026794	53.587302
1.84	0.026794	53.587302
1.85	0.026794	53.587302
1.86	0.026794	53.587302
1.87	0.026794	53.587302
1.88	0.026794	53.587302
1.89	0.026733	53.465201
1.9	0.026794	53.587302
1.91	0.026794	53.587302
1.92	0.026794	53.587302
1.93	0.026733	53.465201
1.94	0.026733	53.465201
1.95	0.026794	53.587302
1.96	0.026794	53.587302
1.97	0.026733	53.465201
1.98	0.026733	53.465201
1.99	0.026733	53.465201
