-0.01	-0.002357	-4.71453
0	-0.002357	-4.71453
0.01	-0.002357	-4.71453
0.02	-0.002357	-4.71453
0.03	-0.002357	-4.71453
0.04	-0.002351	-4.70232
0.05	-0.002351	-4.70232
0.06	-0.002351	-4.70232
0.07	-0.002345	-4.69011
0.08	-0.002345	-4.69011
0.09	-0.002345	-4.69011
0.1	-0.002345	-4.69011
0.11	-0.002339	-4.6779
0.12	-0.002339	-4.6779
0.13	-0.002339	-4.6779
0.14	-0.002333	-4.66569
0.15	-0.002333	-4.66569
0.16	-0.002327	-4.65348
0.17	-0.002327	-4.65348
0.18	-0.002321	-4.64127
0.19	-0.002315	-4.62906
0.2	-0.002321	-4.64127
0.21	-0.002308	-4.61685
0.22	-0.002308	-4.61685
0.23	-0.002302	-4.60464
0.24	-0.002302	-4.60464
0.25	-0.002296	-4.59243
0.26	-0.002296	-4.59243
0.27	-0.00229	-4.58022
0.28	-0.002284	-4.56801
0.29	-0.002278	-4.5558
0.3	-0.002272	-4.54359
0.31	-0.002266	-4.53138
0.32	-0.00226	-4.51917
0.33	-0.002253	-4.50696
0.34	-0.002247	-4.49475
0.35	-0.002235	-4.47033
0.36	-0.002229	-4.45812
0.37	-0.002211	-4.42149
0.38	-0.002205	-4.40928
0.39	-0.002186	-4.37265
0.4	-0.002174	-4.34823
0.41	-0.00215	-4.299389
0.42	-0.002137	-4.274969
0.43	-0.002101	-4.201709
0.44	-0.002083	-4.165079
0.45	-0.00204	-4.079609
0.46	-0.002003	-4.006349
0.47	-0.001942	-3.884249
0.48	-0.001905	-3.810989
0.49	-0.00182	-3.640049
0.5	-0.001759	-3.517949
0.51	-0.001643	-3.285958
0.52	-0.001564	-3.127228
0.53	-0.001411	-2.821978
0.54	-0.001289	-2.577778
0.55	-0.001094	-2.187057
0.56	-0.000922	-1.84326
0.57	-0.000705	-1.40937
0.58	-0.000514	-1.028037
0.59	-0.000192	-0.383925
0.6	3.659826E-5	0.073197
0.61	0.000412	0.823632
0.62	0.0007	1.400521
0.63	0.001141	2.281807
0.64	0.001446	2.892308
0.65	0.001953	3.905739
0.66	0.002319	4.638339
0.67	0.002875	5.749451
0.68	0.003259	6.518681
0.69	0.00387	7.739683
0.7	0.004297	8.594383
0.71	0.00492	9.839805
0.72	0.005353	10.706716
0.73	0.006049	12.098657
0.74	0.006513	13.026618
0.75	0.007215	14.430769
0.76	0.007704	15.40757
0.77	0.008442	16.884982
0.78	0.008931	17.861783
0.79	0.0097	19.400244
0.8	0.010213	20.425885
0.81	0.01097	21.939927
0.82	0.011714	23.428571
0.83	0.012508	25.015873
0.84	0.013057	26.114774
0.85	0.013851	27.702076
0.86	0.0144	28.800977
0.87	0.015255	30.510379
0.88	0.015805	31.60928
0.89	0.016659	33.318681
0.9	0.017209	34.417582
0.91	0.018002	36.004884
0.92	0.018613	37.225885
0.93	0.019468	38.935287
0.94	0.020017	40.034188
0.95	0.020872	41.74359
0.96	0.021421	42.842491
0.97	0.022276	44.551893
0.98	0.022886	45.772894
0.99	0.023741	47.482295
1	0.024291	48.581197
1.01	0.025206	50.412698
1.02	0.025817	51.6337
1.03	0.025939	51.8779
1.04	0.027038	54.075702
1.05	0.027038	54.075702
1.06	0.027038	54.075702
1.07	0.027038	54.075702
1.08	0.027038	54.075702
1.09	0.027038	54.075702
1.1	0.027038	54.075702
1.11	0.026977	53.953602
1.12	0.027038	54.075702
1.13	0.026977	53.953602
1.14	0.026977	53.953602
1.15	0.026977	53.953602
1.16	0.026977	53.953602
1.17	0.026977	53.953602
1.18	0.026977	53.953602
1.19	0.026977	53.953602
1.2	0.026916	53.831502
1.21	0.026977	53.953602
1.22	0.026977	53.953602
1.23	0.026916	53.831502
1.24	0.026916	53.831502
1.25	0.026916	53.831502
1.26	0.026916	53.831502
1.27	0.026916	53.831502
1.28	0.026916	53.831502
1.29	0.026916	53.831502
1.3	0.026916	53.831502
1.31	0.026916	53.831502
1.32	0.026916	53.831502
1.33	0.026855	53.709402
1.34	0.026855	53.709402
1.35	0.026916	53.831502
1.36	0.026855	53.709402
1.37	0.026855	53.709402
1.38	0.026855	53.709402
1.39	0.026855	53.709402
1.4	0.026855	53.709402
1.41	0.026855	53.709402
1.42	0.026855	53.709402
1.43	0.026855	53.709402
1.44	0.026855	53.709402
1.45	0.026855	53.709402
1.46	0.026855	53.709402
1.47	0.026794	53.587302
1.48	0.026855	53.709402
1.49	0.026855	53.709402
1.5	0.026855	53.709402
1.51	0.026794	53.587302
1.52	0.026794	53.587302
1.53	0.026794	53.587302
1.54	0.026794	53.587302
1.55	0.026794	53.587302
1.56	0.026794	53.587302
1.57	0.026794	53.587302
1.58	0.026794	53.587302
1.59	0.026794	53.587302
1.6	0.026794	53.587302
1.61	0.026794	53.587302
1.62	0.026794	53.587302
1.63	0.026794	53.587302
1.64	0.026794	53.587302
1.65	0.026794	53.587302
1.66	0.026794	53.587302
1.67	0.026733	53.465201
1.68	0.026794	53.587302
1.69	0.026733	53.465201
1.7	0.026794	53.587302
1.71	0.026733	53.465201
1.72	0.026794	53.587302
1.73	0.026794	53.587302
1.74	0.026733	53.465201
1.75	0.026733	53.465201
1.76	0.026733	53.465201
1.77	0.026794	53.587302
1.78	0.026733	53.465201
1.79	0.026733	53.465201
1.8	0.026733	53.465201
1.81	0.026733	53.465201
1.82	0.026733	53.465201
1.83	0.026733	53.465201
1.84	0.026733	53.465201
1.85	0.026733	53.465201
1.86	0.026733	53.465201
1.87	0.026733	53.465201
1.88	0.026733	53.465201
1.89	0.026733	53.465201
1.9	0.026733	53.465201
1.91	0.026733	53.465201
1.92	0.026733	53.465201
1.93	0.026733	53.465201
1.94	0.026733	53.465201
1.95	0.026733	53.465201
1.96	0.026733	53.465201
1.97	0.026733	53.465201
1.98	0.026733	53.465201
1.99	0.026733	53.465201
