-0.01	-0.002345	-4.69011
0	-0.002339	-4.6779
0.01	-0.002339	-4.6779
0.02	-0.002333	-4.66569
0.03	-0.002333	-4.66569
0.04	-0.002327	-4.65348
0.05	-0.002321	-4.64127
0.06	-0.002321	-4.64127
0.07	-0.002315	-4.62906
0.08	-0.002308	-4.61685
0.09	-0.002308	-4.61685
0.1	-0.002302	-4.60464
0.11	-0.002296	-4.59243
0.12	-0.00229	-4.58022
0.13	-0.002284	-4.56801
0.14	-0.002284	-4.56801
0.15	-0.002272	-4.54359
0.16	-0.002272	-4.54359
0.17	-0.00226	-4.51917
0.18	-0.002253	-4.50696
0.19	-0.002241	-4.48254
0.2	-0.002235	-4.47033
0.21	-0.002223	-4.44591
0.22	-0.002217	-4.4337
0.23	-0.002199	-4.39707
0.24	-0.002186	-4.37265
0.25	-0.002168	-4.33602
0.26	-0.002156	-4.3116
0.27	-0.002125	-4.250549
0.28	-0.002107	-4.213919
0.29	-0.002076	-4.152869
0.3	-0.002046	-4.091819
0.31	-0.002003	-4.006349
0.32	-0.001967	-3.933089
0.33	-0.001905	-3.810989
0.34	-0.001857	-3.713309
0.35	-0.001777	-3.554579
0.36	-0.00171	-3.420269
0.37	-0.001594	-3.188278
0.38	-0.001503	-3.005128
0.39	-0.001356	-2.712088
0.4	-0.001246	-2.492308
0.41	-0.001051	-2.101587
0.42	-0.000926	-1.851815
0.43	-0.000672	-1.344592
0.44	-0.00049	-0.98037
0.45	-0.000188	-0.375369
0.46	1.863157E-5	0.037263
0.47	0.000373	0.74541
0.48	0.000626	1.252632
0.49	0.001057	2.1143
0.5	0.001318	2.635897
0.51	0.0018	3.600488
0.52	0.00213	4.259829
0.53	0.002624	5.24884
0.54	0.002972	5.944811
0.55	0.00354	7.080342
0.56	0.004016	8.032723
0.57	0.004499	8.997314
0.58	0.004883	9.766545
0.59	0.005518	11.036386
0.6	0.005933	11.866667
0.61	0.006574	13.148718
0.62	0.00702	14.040049
0.63	0.007679	15.35873
0.64	0.008131	16.262271
0.65	0.00879	17.580952
0.66	0.009273	18.545543
0.67	0.009975	19.949695
0.68	0.010433	20.865446
0.69	0.011348	22.695971
0.7	0.011836	23.672772
0.71	0.012569	25.137973
0.72	0.013118	26.236874
0.73	0.01379	27.579976
0.74	0.014339	28.678877
0.75	0.015072	30.144078
0.76	0.015621	31.242979
0.77	0.016354	32.708181
0.78	0.016904	33.807082
0.79	0.017697	35.394383
0.8	0.018186	36.371184
0.81	0.018979	37.958486
0.82	0.019468	38.935287
0.83	0.020261	40.522589
0.84	0.020811	41.62149
0.85	0.021604	43.208791
0.86	0.022154	44.307692
0.87	0.022947	45.894994
0.88	0.023497	46.993895
0.89	0.02423	48.459096
0.9	0.02484	49.680098
0.91	0.025634	51.267399
0.92	0.026183	52.3663
0.93	0.026122	52.2442
0.94	0.027099	54.197802
0.95	0.027099	54.197802
0.96	0.027038	54.075702
0.97	0.027099	54.197802
0.98	0.027038	54.075702
0.99	0.027038	54.075702
1	0.027038	54.075702
1.01	0.027038	54.075702
1.02	0.027038	54.075702
1.03	0.027038	54.075702
1.04	0.027038	54.075702
1.05	0.026977	53.953602
1.06	0.027038	54.075702
1.07	0.026977	53.953602
1.08	0.026977	53.953602
1.09	0.026977	53.953602
1.1	0.026977	53.953602
1.11	0.026977	53.953602
1.12	0.026977	53.953602
1.13	0.026977	53.953602
1.14	0.026977	53.953602
1.15	0.026916	53.831502
1.16	0.026977	53.953602
1.17	0.026916	53.831502
1.18	0.026916	53.831502
1.19	0.026977	53.953602
1.2	0.026916	53.831502
1.21	0.026916	53.831502
1.22	0.026916	53.831502
1.23	0.026916	53.831502
1.24	0.026916	53.831502
1.25	0.026916	53.831502
1.26	0.026916	53.831502
1.27	0.026916	53.831502
1.28	0.026916	53.831502
1.29	0.026916	53.831502
1.3	0.026916	53.831502
1.31	0.026855	53.709402
1.32	0.026855	53.709402
1.33	0.026916	53.831502
1.34	0.026855	53.709402
1.35	0.026855	53.709402
1.36	0.026855	53.709402
1.37	0.026855	53.709402
1.38	0.026855	53.709402
1.39	0.026855	53.709402
1.4	0.026855	53.709402
1.41	0.026855	53.709402
1.42	0.026855	53.709402
1.43	0.026855	53.709402
1.44	0.026855	53.709402
1.45	0.026855	53.709402
1.46	0.026794	53.587302
1.47	0.026855	53.709402
1.48	0.026855	53.709402
1.49	0.026794	53.587302
1.5	0.026794	53.587302
1.51	0.026794	53.587302
1.52	0.026794	53.587302
1.53	0.026794	53.587302
1.54	0.026855	53.709402
1.55	0.026794	53.587302
1.56	0.026794	53.587302
1.57	0.026794	53.587302
1.58	0.026794	53.587302
1.59	0.026794	53.587302
1.6	0.026794	53.587302
1.61	0.026794	53.587302
1.62	0.026794	53.587302
1.63	0.026794	53.587302
1.64	0.026794	53.587302
1.65	0.026794	53.587302
1.66	0.026794	53.587302
1.67	0.026794	53.587302
1.68	0.026794	53.587302
1.69	0.026794	53.587302
1.7	0.026794	53.587302
1.71	0.026794	53.587302
1.72	0.026794	53.587302
1.73	0.026794	53.587302
1.74	0.026733	53.465201
1.75	0.026794	53.587302
1.76	0.026794	53.587302
1.77	0.026794	53.587302
1.78	0.026733	53.465201
1.79	0.026733	53.465201
1.8	0.026794	53.587302
1.81	0.026733	53.465201
1.82	0.026733	53.465201
1.83	0.026794	53.587302
1.84	0.026733	53.465201
1.85	0.026733	53.465201
1.86	0.026794	53.587302
1.87	0.026733	53.465201
1.88	0.026733	53.465201
1.89	0.026794	53.587302
1.9	0.026794	53.587302
1.91	0.026733	53.465201
1.92	0.026733	53.465201
1.93	0.026733	53.465201
1.94	0.026733	53.465201
1.95	0.026733	53.465201
1.96	0.026733	53.465201
1.97	0.026733	53.465201
1.98	0.026733	53.465201
1.99	0.026733	53.465201
