-0.01	-0.002351	-4.70232
0	-0.002345	-4.69011
0.01	-0.002345	-4.69011
0.02	-0.002345	-4.69011
0.03	-0.002339	-4.6779
0.04	-0.002333	-4.66569
0.05	-0.002333	-4.66569
0.06	-0.002327	-4.65348
0.07	-0.002327	-4.65348
0.08	-0.002321	-4.64127
0.09	-0.002315	-4.62906
0.1	-0.002315	-4.62906
0.11	-0.002308	-4.61685
0.12	-0.002302	-4.60464
0.13	-0.002296	-4.59243
0.14	-0.002296	-4.59243
0.15	-0.00229	-4.58022
0.16	-0.002284	-4.56801
0.17	-0.002278	-4.5558
0.18	-0.002272	-4.54359
0.19	-0.00226	-4.51917
0.2	-0.002253	-4.50696
0.21	-0.002247	-4.49475
0.22	-0.002241	-4.48254
0.23	-0.002229	-4.45812
0.24	-0.002217	-4.4337
0.25	-0.002205	-4.40928
0.26	-0.002192	-4.38486
0.27	-0.002174	-4.34823
0.28	-0.002156	-4.3116
0.29	-0.002131	-4.262759
0.3	-0.002113	-4.226129
0.31	-0.002083	-4.165079
0.32	-0.002052	-4.104029
0.33	-0.002003	-4.006349
0.34	-0.001973	-3.945299
0.35	-0.001912	-3.823199
0.36	-0.001863	-3.725519
0.37	-0.001777	-3.554579
0.38	-0.00171	-3.420269
0.39	-0.001594	-3.188278
0.4	-0.001509	-3.017338
0.41	-0.001362	-2.724298
0.42	-0.00124	-2.480098
0.43	-0.001045	-2.089377
0.44	-0.000917	-1.834704
0.45	-0.000669	-1.337259
0.46	-0.000474	-0.948592
0.47	-0.000177	-0.353369
0.48	3.782048E-5	0.075641
0.49	0.000406	0.812632
0.5	0.000663	1.325966
0.51	0.001093	2.185189
0.52	0.001367	2.733578
0.53	0.001831	3.661538
0.54	0.002173	4.345299
0.55	0.002698	5.39536
0.56	0.003131	6.262271
0.57	0.003607	7.214652
0.58	0.003974	7.947253
0.59	0.004566	9.131624
0.6	0.004957	9.913065
0.61	0.005585	11.170696
0.62	0.006025	12.049817
0.63	0.006666	13.331868
0.64	0.007105	14.210989
0.65	0.007777	15.55409
0.66	0.008229	16.457631
0.67	0.008919	17.837363
0.68	0.009377	18.753114
0.69	0.010103	20.206105
0.7	0.010567	21.134066
0.71	0.01147	22.940171
0.72	0.011958	23.916972
0.73	0.012691	25.382173
0.74	0.013179	26.358974
0.75	0.013973	27.946276
0.76	0.014462	28.923077
0.77	0.015255	30.510379
0.78	0.015744	31.487179
0.79	0.016537	33.074481
0.8	0.017087	34.173382
0.81	0.01788	35.760684
0.82	0.018369	36.737485
0.83	0.019162	38.324786
0.84	0.019712	39.423687
0.85	0.020505	41.010989
0.86	0.020994	41.98779
0.87	0.021849	43.697192
0.88	0.022337	44.673993
0.89	0.023192	46.383394
0.9	0.02368	47.360195
0.91	0.024535	49.069597
0.92	0.025084	50.168498
0.93	0.025817	51.6337
0.94	0.026427	52.854701
0.95	0.026488	52.976801
0.96	0.027099	54.197802
0.97	0.027099	54.197802
0.98	0.027038	54.075702
0.99	0.027038	54.075702
1	0.027038	54.075702
1.01	0.027038	54.075702
1.02	0.027038	54.075702
1.03	0.027038	54.075702
1.04	0.027038	54.075702
1.05	0.026977	53.953602
1.06	0.026977	53.953602
1.07	0.026977	53.953602
1.08	0.027038	54.075702
1.09	0.026977	53.953602
1.1	0.026977	53.953602
1.11	0.026977	53.953602
1.12	0.026977	53.953602
1.13	0.026977	53.953602
1.14	0.026977	53.953602
1.15	0.026977	53.953602
1.16	0.026916	53.831502
1.17	0.026916	53.831502
1.18	0.026916	53.831502
1.19	0.026916	53.831502
1.2	0.026916	53.831502
1.21	0.026916	53.831502
1.22	0.026977	53.953602
1.23	0.026916	53.831502
1.24	0.026916	53.831502
1.25	0.026916	53.831502
1.26	0.026916	53.831502
1.27	0.026916	53.831502
1.28	0.026916	53.831502
1.29	0.026855	53.709402
1.3	0.026916	53.831502
1.31	0.026855	53.709402
1.32	0.026855	53.709402
1.33	0.026855	53.709402
1.34	0.026855	53.709402
1.35	0.026855	53.709402
1.36	0.026855	53.709402
1.37	0.026855	53.709402
1.38	0.026855	53.709402
1.39	0.026855	53.709402
1.4	0.026855	53.709402
1.41	0.026855	53.709402
1.42	0.026855	53.709402
1.43	0.026855	53.709402
1.44	0.026855	53.709402
1.45	0.026855	53.709402
1.46	0.026794	53.587302
1.47	0.026855	53.709402
1.48	0.026794	53.587302
1.49	0.026794	53.587302
1.5	0.026794	53.587302
1.51	0.026855	53.709402
1.52	0.026855	53.709402
1.53	0.026794	53.587302
1.54	0.026794	53.587302
1.55	0.026794	53.587302
1.56	0.026794	53.587302
1.57	0.026794	53.587302
1.58	0.026794	53.587302
1.59	0.026794	53.587302
1.6	0.026794	53.587302
1.61	0.026794	53.587302
1.62	0.026794	53.587302
1.63	0.026794	53.587302
1.64	0.026733	53.465201
1.65	0.026794	53.587302
1.66	0.026794	53.587302
1.67	0.026794	53.587302
1.68	0.026794	53.587302
1.69	0.026794	53.587302
1.7	0.026794	53.587302
1.71	0.026794	53.587302
1.72	0.026794	53.587302
1.73	0.026794	53.587302
1.74	0.026794	53.587302
1.75	0.026733	53.465201
1.76	0.026733	53.465201
1.77	0.026794	53.587302
1.78	0.026733	53.465201
1.79	0.026733	53.465201
1.8	0.026794	53.587302
1.81	0.026794	53.587302
1.82	0.026733	53.465201
1.83	0.026794	53.587302
1.84	0.026733	53.465201
1.85	0.026733	53.465201
1.86	0.026733	53.465201
1.87	0.026733	53.465201
1.88	0.026733	53.465201
1.89	0.026733	53.465201
1.9	0.026733	53.465201
1.91	0.026733	53.465201
1.92	0.026733	53.465201
1.93	0.026733	53.465201
1.94	0.026733	53.465201
1.95	0.026733	53.465201
1.96	0.026733	53.465201
1.97	0.026733	53.465201
1.98	0.026733	53.465201
1.99	0.026733	53.465201
