-0.01	-0.003798	-7.596093
0	-0.003798	-7.596093
0.01	-0.003798	-7.596093
0.02	-0.003792	-7.583883
0.03	-0.003786	-7.571673
0.04	-0.003786	-7.571673
0.05	-0.003786	-7.571673
0.06	-0.003786	-7.571673
0.07	-0.00378	-7.559463
0.08	-0.00378	-7.559463
0.09	-0.003774	-7.547253
0.1	-0.003774	-7.547253
0.11	-0.003768	-7.535043
0.12	-0.003768	-7.535043
0.13	-0.003761	-7.522833
0.14	-0.003761	-7.522833
0.15	-0.003755	-7.510623
0.16	-0.003755	-7.510623
0.17	-0.003749	-7.498413
0.18	-0.003743	-7.486203
0.19	-0.003737	-7.473993
0.2	-0.003737	-7.473993
0.21	-0.003731	-7.461783
0.22	-0.003725	-7.449573
0.23	-0.003725	-7.449573
0.24	-0.003713	-7.425153
0.25	-0.003713	-7.425153
0.26	-0.003706	-7.412943
0.27	-0.0037	-7.400733
0.28	-0.003694	-7.388523
0.29	-0.003688	-7.376313
0.3	-0.003676	-7.351893
0.31	-0.00367	-7.339683
0.32	-0.003664	-7.327473
0.33	-0.003652	-7.303053
0.34	-0.003645	-7.290842
0.35	-0.003633	-7.266422
0.36	-0.003621	-7.242002
0.37	-0.003603	-7.205372
0.38	-0.00359	-7.180952
0.39	-0.003572	-7.144322
0.4	-0.00356	-7.119902
0.41	-0.003529	-7.058852
0.42	-0.003511	-7.022222
0.43	-0.003474	-6.948962
0.44	-0.00345	-6.900122
0.45	-0.003407	-6.814652
0.46	-0.003371	-6.741392
0.47	-0.00331	-6.619292
0.48	-0.003261	-6.521612
0.49	-0.003175	-6.350672
0.5	-0.003108	-6.216361
0.51	-0.002998	-5.996581
0.52	-0.002907	-5.813431
0.53	-0.00276	-5.520391
0.54	-0.002638	-5.27619
0.55	-0.002431	-4.86105
0.56	-0.002247	-4.49475
0.57	-0.002028	-4.055189
0.58	-0.001838	-3.676679
0.59	-0.001521	-3.041758
0.6	-0.001289	-2.577778
0.61	-0.000929	-1.857926
0.62	-0.000643	-1.285926
0.63	-0.000208	-0.416925
0.64	0.000123	0.24552
0.65	0.000642	1.283188
0.66	0.00098	1.9603
0.67	0.001538	3.075458
0.68	0.001941	3.881319
0.69	0.002527	5.05348
0.7	0.002966	5.932601
0.71	0.003601	7.202442
0.72	0.004041	8.081563
0.73	0.004718	9.436874
0.74	0.005176	10.352625
0.75	0.005915	11.830037
0.76	0.00641	12.819048
0.77	0.007118	14.235409
0.78	0.007643	15.28547
0.79	0.0084	16.799512
0.8	0.008888	17.776313
0.81	0.0097	19.400244
0.82	0.010237	20.474725
0.83	0.011226	22.45177
0.84	0.011714	23.428571
0.85	0.012569	25.137973
0.86	0.013118	26.236874
0.87	0.013912	27.824176
0.88	0.014523	29.045177
0.89	0.015316	30.632479
0.9	0.015927	31.85348
0.91	0.016781	33.562882
0.92	0.017331	34.661783
0.93	0.018186	36.371184
0.94	0.018796	37.592186
0.95	0.01959	39.179487
0.96	0.0202	40.400488
0.97	0.021055	42.10989
0.98	0.021665	43.330891
0.99	0.02252	45.040293
1	0.023131	46.261294
1.01	0.023985	47.970696
1.02	0.024596	49.191697
1.03	0.025451	50.901099
1.04	0.026061	52.1221
1.05	0.026061	52.1221
1.06	0.026977	53.953602
1.07	0.026977	53.953602
1.08	0.026916	53.831502
1.09	0.026977	53.953602
1.1	0.026916	53.831502
1.11	0.026916	53.831502
1.12	0.026916	53.831502
1.13	0.026916	53.831502
1.14	0.026916	53.831502
1.15	0.026916	53.831502
1.16	0.026916	53.831502
1.17	0.026916	53.831502
1.18	0.026855	53.709402
1.19	0.026855	53.709402
1.2	0.026855	53.709402
1.21	0.026855	53.709402
1.22	0.026855	53.709402
1.23	0.026855	53.709402
1.24	0.026855	53.709402
1.25	0.026855	53.709402
1.26	0.026794	53.587302
1.27	0.026794	53.587302
1.28	0.026794	53.587302
1.29	0.026794	53.587302
1.3	0.026794	53.587302
1.31	0.026794	53.587302
1.32	0.026794	53.587302
1.33	0.026794	53.587302
1.34	0.026794	53.587302
1.35	0.026794	53.587302
1.36	0.026794	53.587302
1.37	0.026794	53.587302
1.38	0.026794	53.587302
1.39	0.026733	53.465201
1.4	0.026733	53.465201
1.41	0.026794	53.587302
1.42	0.026733	53.465201
1.43	0.026733	53.465201
1.44	0.026733	53.465201
1.45	0.026733	53.465201
1.46	0.026733	53.465201
1.47	0.026733	53.465201
1.48	0.026733	53.465201
1.49	0.026733	53.465201
1.5	0.026733	53.465201
1.51	0.026733	53.465201
1.52	0.026733	53.465201
1.53	0.026733	53.465201
1.54	0.026733	53.465201
1.55	0.026733	53.465201
1.56	0.026733	53.465201
1.57	0.026672	53.343101
1.58	0.026733	53.465201
1.59	0.026733	53.465201
1.6	0.026672	53.343101
1.61	0.026733	53.465201
1.62	0.026733	53.465201
1.63	0.026672	53.343101
1.64	0.026672	53.343101
1.65	0.026733	53.465201
1.66	0.026672	53.343101
1.67	0.026672	53.343101
1.68	0.026672	53.343101
1.69	0.026672	53.343101
1.7	0.026672	53.343101
1.71	0.026672	53.343101
1.72	0.026672	53.343101
1.73	0.026672	53.343101
1.74	0.026672	53.343101
1.75	0.026672	53.343101
1.76	0.026672	53.343101
1.77	0.026672	53.343101
1.78	0.026672	53.343101
1.79	0.026672	53.343101
1.8	0.026672	53.343101
1.81	0.026672	53.343101
1.82	0.026672	53.343101
1.83	0.026611	53.221001
1.84	0.026672	53.343101
1.85	0.026611	53.221001
1.86	0.026611	53.221001
1.87	0.026672	53.343101
1.88	0.026611	53.221001
1.89	0.026611	53.221001
1.9	0.026672	53.343101
1.91	0.026672	53.343101
1.92	0.026611	53.221001
1.93	0.026611	53.221001
1.94	0.026611	53.221001
1.95	0.026611	53.221001
1.96	0.026611	53.221001
1.97	0.026611	53.221001
1.98	0.026611	53.221001
1.99	0.026611	53.221001
