-0.01	-0.003768	-7.535043
0	-0.003761	-7.522833
0.01	-0.003761	-7.522833
0.02	-0.003768	-7.535043
0.03	-0.003761	-7.522833
0.04	-0.003761	-7.522833
0.05	-0.003761	-7.522833
0.06	-0.003761	-7.522833
0.07	-0.003761	-7.522833
0.08	-0.003755	-7.510623
0.09	-0.003755	-7.510623
0.1	-0.003755	-7.510623
0.11	-0.003749	-7.498413
0.12	-0.003755	-7.510623
0.13	-0.003749	-7.498413
0.14	-0.003749	-7.498413
0.15	-0.003749	-7.498413
0.16	-0.003743	-7.486203
0.17	-0.003743	-7.486203
0.18	-0.003743	-7.486203
0.19	-0.003737	-7.473993
0.2	-0.003737	-7.473993
0.21	-0.003737	-7.473993
0.22	-0.003731	-7.461783
0.23	-0.003725	-7.449573
0.24	-0.003725	-7.449573
0.25	-0.003725	-7.449573
0.26	-0.003719	-7.437363
0.27	-0.003719	-7.437363
0.28	-0.003713	-7.425153
0.29	-0.003713	-7.425153
0.3	-0.003706	-7.412943
0.31	-0.0037	-7.400733
0.32	-0.0037	-7.400733
0.33	-0.003694	-7.388523
0.34	-0.003688	-7.376313
0.35	-0.003688	-7.376313
0.36	-0.003682	-7.364103
0.37	-0.003676	-7.351893
0.38	-0.00367	-7.339683
0.39	-0.003664	-7.327473
0.4	-0.003664	-7.327473
0.41	-0.003652	-7.303053
0.42	-0.003652	-7.303053
0.43	-0.003645	-7.290842
0.44	-0.003633	-7.266422
0.45	-0.003627	-7.254212
0.46	-0.003621	-7.242002
0.47	-0.003609	-7.217582
0.48	-0.003609	-7.217582
0.49	-0.003597	-7.193162
0.5	-0.00359	-7.180952
0.51	-0.003578	-7.156532
0.52	-0.003572	-7.144322
0.53	-0.003554	-7.107692
0.54	-0.003548	-7.095482
0.55	-0.003536	-7.071062
0.56	-0.003523	-7.046642
0.57	-0.003511	-7.022222
0.58	-0.003499	-6.997802
0.59	-0.003481	-6.961172
0.6	-0.003468	-6.936752
0.61	-0.003444	-6.887912
0.62	-0.003432	-6.863492
0.63	-0.003407	-6.814652
0.64	-0.003389	-6.778022
0.65	-0.003352	-6.704762
0.66	-0.003328	-6.655922
0.67	-0.003285	-6.570452
0.68	-0.003249	-6.497192
0.69	-0.003194	-6.387302
0.7	-0.003139	-6.277411
0.71	-0.003047	-6.094261
0.72	-0.002974	-5.947741
0.73	-0.00284	-5.679121
0.74	-0.002736	-5.471551
0.75	-0.002553	-5.10525
0.76	-0.0024	-4.8
0.77	-0.002156	-4.3116
0.78	-0.001979	-3.957509
0.79	-0.00168	-3.359219
0.8	-0.001466	-2.931868
0.81	-0.001142	-2.284737
0.82	-0.00094	-1.879926
0.83	-0.000617	-1.23337
0.84	-0.000411	-0.821481
0.85	-0.000127	-0.253147
0.86	5.285383E-5	0.105708
0.87	0.000296	0.592632
0.88	0.000435	0.870076
0.89	0.000609	1.21841
0.9	0.000726	1.451855
0.91	0.000882	1.763522
0.92	0.000984	1.967633
0.93	0.001135	2.269597
0.94	0.001239	2.477167
0.95	0.001385	2.770208
0.96	0.001495	2.989988
0.97	0.001666	3.331868
0.98	0.001776	3.551648
0.99	0.001953	3.905739
1	0.002075	4.149939
1.01	0.00227	4.540659
1.02	0.002392	4.78486
1.03	0.0026	5.2
1.04	0.002734	5.46862
1.05	0.002948	5.895971
1.06	0.003125	6.250061
1.07	0.003314	6.628571
1.08	0.003467	6.933822
1.09	0.003699	7.397802
1.1	0.003858	7.715263
1.11	0.004114	8.228083
1.12	0.004285	8.569963
1.13	0.004541	9.082784
1.14	0.004761	9.522344
1.15	0.004981	9.961905
1.16	0.00517	10.340415
1.17	0.005439	10.877656
1.18	0.005634	11.268376
1.19	0.005872	11.744567
1.2	0.006135	12.269597
1.21	0.00644	12.880098
1.22	0.006642	13.283028
1.23	0.006947	13.893529
1.24	0.007167	14.333089
1.25	0.00749	14.98022
1.26	0.00771	15.41978
1.27	0.008046	16.091331
1.28	0.008284	16.567521
1.29	0.008632	17.263492
1.3	0.008852	17.703053
1.31	0.009224	18.447863
1.32	0.009462	18.924054
1.33	0.009816	19.632234
1.34	0.010073	20.145055
1.35	0.010445	20.889866
1.36	0.010689	21.378266
1.37	0.011226	22.45177
1.38	0.011531	23.062271
1.39	0.011958	23.916972
1.4	0.012203	24.405372
1.41	0.01263	25.260073
1.42	0.012874	25.748474
1.43	0.013302	26.603175
1.44	0.013546	27.091575
1.45	0.014034	28.068376
1.46	0.014278	28.556777
1.47	0.014706	29.411477
1.48	0.015011	30.021978
1.49	0.015438	30.876679
1.5	0.015744	31.487179
1.51	0.016232	32.46398
1.52	0.016537	33.074481
1.53	0.016965	33.929182
1.54	0.01727	34.539683
1.55	0.017758	35.516484
1.56	0.018125	36.249084
1.57	0.018491	36.981685
1.58	0.018857	37.714286
1.59	0.019346	38.691087
1.6	0.019651	39.301587
1.61	0.020139	40.278388
1.62	0.020505	41.010989
1.63	0.020994	41.98779
1.64	0.021421	42.842491
1.65	0.021849	43.697192
1.66	0.022154	44.307692
1.67	0.022642	45.284493
1.68	0.023009	46.017094
1.69	0.023436	46.871795
1.7	0.023863	47.726496
1.71	0.024413	48.825397
1.72	0.024779	49.557998
1.73	0.025267	50.534799
1.74	0.025695	51.389499
1.75	0.026183	52.3663
1.76	0.025939	51.8779
1.77	0.026488	52.976801
1.78	0.027099	54.197802
1.79	0.027099	54.197802
1.8	0.027038	54.075702
1.81	0.027038	54.075702
1.82	0.027038	54.075702
1.83	0.027099	54.197802
1.84	0.027038	54.075702
1.85	0.027038	54.075702
1.86	0.027038	54.075702
1.87	0.027038	54.075702
1.88	0.027038	54.075702
1.89	0.027038	54.075702
1.9	0.027038	54.075702
1.91	0.027038	54.075702
1.92	0.027038	54.075702
1.93	0.026977	53.953602
1.94	0.026977	53.953602
1.95	0.026977	53.953602
1.96	0.026977	53.953602
1.97	0.026977	53.953602
1.98	0.026977	53.953602
1.99	0.026977	53.953602
