-0.01	-0.001582	-3.163858
0	-0.001576	-3.151648
0.01	-0.001582	-3.163858
0.02	-0.001582	-3.163858
0.03	-0.001582	-3.163858
0.04	-0.001576	-3.151648
0.05	-0.001576	-3.151648
0.06	-0.001576	-3.151648
0.07	-0.001576	-3.151648
0.08	-0.001576	-3.151648
0.09	-0.001576	-3.151648
0.1	-0.001576	-3.151648
0.11	-0.00157	-3.139438
0.12	-0.00157	-3.139438
0.13	-0.00157	-3.139438
0.14	-0.00157	-3.139438
0.15	-0.00157	-3.139438
0.16	-0.00157	-3.139438
0.17	-0.001564	-3.127228
0.18	-0.001564	-3.127228
0.19	-0.001564	-3.127228
0.2	-0.001564	-3.127228
0.21	-0.001564	-3.127228
0.22	-0.001558	-3.115018
0.23	-0.001558	-3.115018
0.24	-0.001558	-3.115018
0.25	-0.001551	-3.102808
0.26	-0.001551	-3.102808
0.27	-0.001545	-3.090598
0.28	-0.001545	-3.090598
0.29	-0.001545	-3.090598
0.3	-0.001545	-3.090598
0.31	-0.001539	-3.078388
0.32	-0.001539	-3.078388
0.33	-0.001533	-3.066178
0.34	-0.001533	-3.066178
0.35	-0.001527	-3.053968
0.36	-0.001527	-3.053968
0.37	-0.001521	-3.041758
0.38	-0.001521	-3.041758
0.39	-0.001515	-3.029548
0.4	-0.001515	-3.029548
0.41	-0.001503	-3.005128
0.42	-0.001503	-3.005128
0.43	-0.001496	-2.992918
0.44	-0.00149	-2.980708
0.45	-0.001484	-2.968498
0.46	-0.001472	-2.944078
0.47	-0.001466	-2.931868
0.48	-0.001454	-2.907448
0.49	-0.001442	-2.883028
0.5	-0.001429	-2.858608
0.51	-0.001411	-2.821978
0.52	-0.001393	-2.785348
0.53	-0.001368	-2.736508
0.54	-0.001344	-2.687668
0.55	-0.001301	-2.602198
0.56	-0.001258	-2.516728
0.57	-0.00121	-2.419048
0.58	-0.001161	-2.321368
0.59	-0.001081	-2.162637
0.6	-0.001008	-2.016117
0.61	-0.000905	-1.81026
0.62	-0.000809	-1.618371
0.63	-0.000644	-1.287148
0.64	-0.000515	-1.030481
0.65	-0.00028	-0.559925
0.66	-0.000111	-0.221369
0.67	0.00018	0.359187
0.68	0.000402	0.804076
0.69	0.000769	1.538633
0.7	0.001035	2.0703
0.71	0.001471	2.941148
0.72	0.00177	3.539438
0.73	0.002276	4.552869
0.74	0.002637	5.27326
0.75	0.00318	6.359951
0.76	0.003589	7.178022
0.77	0.0042	8.399023
0.78	0.004615	9.229304
0.79	0.005274	10.547985
0.8	0.005695	11.390476
0.81	0.006416	12.831258
0.82	0.006886	13.771429
0.83	0.0076	15.2
0.84	0.00807	16.140171
0.85	0.008839	17.678632
0.86	0.009334	18.667643
0.87	0.010091	20.181685
0.88	0.010622	21.243956
0.89	0.011592	23.184371
0.9	0.012081	24.161172
0.91	0.012935	25.870574
0.92	0.013485	26.969475
0.93	0.014278	28.556777
0.94	0.014828	29.655678
0.95	0.015683	31.365079
0.96	0.016232	32.46398
0.97	0.017087	34.173382
0.98	0.017636	35.272283
0.99	0.018491	36.981685
1	0.01904	38.080586
1.01	0.019956	39.912088
1.02	0.020444	40.888889
1.03	0.021299	42.598291
1.04	0.02191	43.819292
1.05	0.022703	45.406593
1.06	0.023436	46.871795
1.07	0.02423	48.459096
1.08	0.024779	49.557998
1.09	0.025634	51.267399
1.1	0.026183	52.3663
1.11	0.026183	52.3663
1.12	0.02716	54.319902
1.13	0.02716	54.319902
1.14	0.02716	54.319902
1.15	0.02716	54.319902
1.16	0.027099	54.197802
1.17	0.027099	54.197802
1.18	0.027099	54.197802
1.19	0.027099	54.197802
1.2	0.027099	54.197802
1.21	0.027099	54.197802
1.22	0.027099	54.197802
1.23	0.027099	54.197802
1.24	0.027038	54.075702
1.25	0.027038	54.075702
1.26	0.027038	54.075702
1.27	0.027038	54.075702
1.28	0.027038	54.075702
1.29	0.027038	54.075702
1.3	0.027038	54.075702
1.31	0.027038	54.075702
1.32	0.027038	54.075702
1.33	0.027038	54.075702
1.34	0.026977	53.953602
1.35	0.026977	53.953602
1.36	0.027038	54.075702
1.37	0.026977	53.953602
1.38	0.026977	53.953602
1.39	0.026977	53.953602
1.4	0.026977	53.953602
1.41	0.026977	53.953602
1.42	0.026977	53.953602
1.43	0.026977	53.953602
1.44	0.026977	53.953602
1.45	0.026977	53.953602
1.46	0.026977	53.953602
1.47	0.026916	53.831502
1.48	0.026977	53.953602
1.49	0.026977	53.953602
1.5	0.026977	53.953602
1.51	0.026916	53.831502
1.52	0.026977	53.953602
1.53	0.026916	53.831502
1.54	0.026916	53.831502
1.55	0.026916	53.831502
1.56	0.026916	53.831502
1.57	0.026916	53.831502
1.58	0.026916	53.831502
1.59	0.026916	53.831502
1.6	0.026916	53.831502
1.61	0.026916	53.831502
1.62	0.026916	53.831502
1.63	0.026916	53.831502
1.64	0.026916	53.831502
1.65	0.026855	53.709402
1.66	0.026855	53.709402
1.67	0.026855	53.709402
1.68	0.026855	53.709402
1.69	0.026855	53.709402
1.7	0.026916	53.831502
1.71	0.026916	53.831502
1.72	0.026855	53.709402
1.73	0.026855	53.709402
1.74	0.026855	53.709402
1.75	0.026855	53.709402
1.76	0.026855	53.709402
1.77	0.026855	53.709402
1.78	0.026855	53.709402
1.79	0.026855	53.709402
1.8	0.026855	53.709402
1.81	0.026855	53.709402
1.82	0.026855	53.709402
1.83	0.026794	53.587302
1.84	0.026855	53.709402
1.85	0.026855	53.709402
1.86	0.026855	53.709402
1.87	0.026855	53.709402
1.88	0.026855	53.709402
1.89	0.026855	53.709402
1.9	0.026855	53.709402
1.91	0.026794	53.587302
1.92	0.026855	53.709402
1.93	0.026855	53.709402
1.94	0.026794	53.587302
1.95	0.026794	53.587302
1.96	0.026855	53.709402
1.97	0.026855	53.709402
1.98	0.026855	53.709402
1.99	0.026794	53.587302
