-0.01	-0.005092	-10.184615
0	-0.005092	-10.184615
0.01	-0.005086	-10.172405
0.02	-0.005086	-10.172405
0.03	-0.00508	-10.160195
0.04	-0.00508	-10.160195
0.05	-0.005074	-10.147985
0.06	-0.005068	-10.135775
0.07	-0.005068	-10.135775
0.08	-0.005062	-10.123565
0.09	-0.005056	-10.111355
0.1	-0.00505	-10.099145
0.11	-0.005043	-10.086935
0.12	-0.005037	-10.074725
0.13	-0.005031	-10.062515
0.14	-0.005025	-10.050305
0.15	-0.005019	-10.038095
0.16	-0.005013	-10.025885
0.17	-0.005007	-10.013675
0.18	-0.005001	-10.001465
0.19	-0.004989	-9.977045
0.2	-0.004982	-9.964835
0.21	-0.004976	-9.952625
0.22	-0.004964	-9.928205
0.23	-0.004958	-9.915995
0.24	-0.004946	-9.891575
0.25	-0.004934	-9.867155
0.26	-0.004921	-9.842735
0.27	-0.004909	-9.818315
0.28	-0.004891	-9.781685
0.29	-0.004873	-9.745055
0.3	-0.00486	-9.720635
0.31	-0.004836	-9.671795
0.32	-0.004818	-9.635165
0.33	-0.004787	-9.574115
0.34	-0.004763	-9.525275
0.35	-0.004726	-9.452015
0.36	-0.004695	-9.390965
0.37	-0.004647	-9.293284
0.38	-0.004604	-9.207814
0.39	-0.004537	-9.073504
0.4	-0.004488	-8.975824
0.41	-0.004396	-8.792674
0.42	-0.004329	-8.658364
0.43	-0.004213	-8.426374
0.44	-0.004122	-8.243223
0.45	-0.003963	-7.925763
0.46	-0.003841	-7.681563
0.47	-0.003639	-7.278632
0.48	-0.003493	-6.985592
0.49	-0.003242	-6.484982
0.5	-0.003053	-6.106471
0.51	-0.002736	-5.471551
0.52	-0.002522	-5.0442
0.53	-0.002144	-4.287179
0.54	-0.001887	-3.774359
0.55	-0.001454	-2.907448
0.56	-0.001069	-2.138217
0.57	-0.000692	-1.383704
0.58	-0.000367	-0.733481
0.59	0.000162	0.323743
0.6	0.000536	1.071743
0.61	0.001116	2.232967
0.62	0.001513	3.026618
0.63	0.002124	4.247619
0.64	0.002545	5.09011
0.65	0.003198	6.396581
0.66	0.003632	7.263492
0.67	0.004316	8.631013
0.68	0.004773	9.546764
0.69	0.0055	10.999756
0.7	0.005952	11.903297
0.71	0.006696	13.392918
0.72	0.007191	14.381929
0.73	0.007917	15.834921
0.74	0.008424	16.848352
0.75	0.009206	18.411233
0.76	0.009712	19.424664
0.77	0.010469	20.938706
0.78	0.011165	22.32967
0.79	0.01202	24.039072
0.8	0.012508	25.015873
0.81	0.013363	26.725275
0.82	0.013851	27.702076
0.83	0.014706	29.411477
0.84	0.015255	30.510379
0.85	0.016049	32.09768
0.86	0.016598	33.196581
0.87	0.017453	34.905983
0.88	0.018002	36.004884
0.89	0.018857	37.714286
0.9	0.019407	38.813187
0.91	0.020261	40.522589
0.92	0.020811	41.62149
0.93	0.021665	43.330891
0.94	0.022276	44.551893
0.95	0.02307	46.139194
0.96	0.02368	47.360195
0.97	0.024535	49.069597
0.98	0.025145	50.290598
0.99	0.025939	51.8779
1	0.025878	51.7558
1.01	0.026855	53.709402
1.02	0.026794	53.587302
1.03	0.026794	53.587302
1.04	0.026855	53.709402
1.05	0.026794	53.587302
1.06	0.026794	53.587302
1.07	0.026794	53.587302
1.08	0.026794	53.587302
1.09	0.026794	53.587302
1.1	0.026794	53.587302
1.11	0.026794	53.587302
1.12	0.026733	53.465201
1.13	0.026733	53.465201
1.14	0.026733	53.465201
1.15	0.026794	53.587302
1.16	0.026733	53.465201
1.17	0.026733	53.465201
1.18	0.026733	53.465201
1.19	0.026733	53.465201
1.2	0.026733	53.465201
1.21	0.026733	53.465201
1.22	0.026733	53.465201
1.23	0.026733	53.465201
1.24	0.026672	53.343101
1.25	0.026733	53.465201
1.26	0.026672	53.343101
1.27	0.026733	53.465201
1.28	0.026672	53.343101
1.29	0.026672	53.343101
1.3	0.026672	53.343101
1.31	0.026672	53.343101
1.32	0.026672	53.343101
1.33	0.026672	53.343101
1.34	0.026672	53.343101
1.35	0.026672	53.343101
1.36	0.026672	53.343101
1.37	0.026672	53.343101
1.38	0.026611	53.221001
1.39	0.026672	53.343101
1.4	0.026611	53.221001
1.41	0.026672	53.343101
1.42	0.026611	53.221001
1.43	0.026611	53.221001
1.44	0.026672	53.343101
1.45	0.026611	53.221001
1.46	0.026611	53.221001
1.47	0.026611	53.221001
1.48	0.026611	53.221001
1.49	0.026611	53.221001
1.5	0.026611	53.221001
1.51	0.026611	53.221001
1.52	0.026611	53.221001
1.53	0.026611	53.221001
1.54	0.026611	53.221001
1.55	0.026611	53.221001
1.56	0.026611	53.221001
1.57	0.026611	53.221001
1.58	0.026549	53.098901
1.59	0.026611	53.221001
1.6	0.026611	53.221001
1.61	0.026549	53.098901
1.62	0.026611	53.221001
1.63	0.026549	53.098901
1.64	0.026549	53.098901
1.65	0.026611	53.221001
1.66	0.026549	53.098901
1.67	0.026549	53.098901
1.68	0.026611	53.221001
1.69	0.026549	53.098901
1.7	0.026549	53.098901
1.71	0.026549	53.098901
1.72	0.026549	53.098901
1.73	0.026611	53.221001
1.74	0.026549	53.098901
1.75	0.026549	53.098901
1.76	0.026549	53.098901
1.77	0.026549	53.098901
1.78	0.026549	53.098901
1.79	0.026549	53.098901
1.8	0.026549	53.098901
1.81	0.026549	53.098901
1.82	0.026549	53.098901
1.83	0.026549	53.098901
1.84	0.026549	53.098901
1.85	0.026549	53.098901
1.86	0.026549	53.098901
1.87	0.026549	53.098901
1.88	0.026549	53.098901
1.89	0.026549	53.098901
1.9	0.026488	52.976801
1.91	0.026549	53.098901
1.92	0.026549	53.098901
1.93	0.026549	53.098901
1.94	0.026549	53.098901
1.95	0.026549	53.098901
1.96	0.026549	53.098901
1.97	0.026488	52.976801
1.98	0.026549	53.098901
1.99	0.026488	52.976801
