-0.01	-0.002345	-4.69011
0	-0.002345	-4.69011
0.01	-0.002345	-4.69011
0.02	-0.002345	-4.69011
0.03	-0.002339	-4.6779
0.04	-0.002345	-4.69011
0.05	-0.002339	-4.6779
0.06	-0.002339	-4.6779
0.07	-0.002339	-4.6779
0.08	-0.002339	-4.6779
0.09	-0.002339	-4.6779
0.1	-0.002339	-4.6779
0.11	-0.002339	-4.6779
0.12	-0.002333	-4.66569
0.13	-0.002333	-4.66569
0.14	-0.002333	-4.66569
0.15	-0.002333	-4.66569
0.16	-0.002333	-4.66569
0.17	-0.002333	-4.66569
0.18	-0.002327	-4.65348
0.19	-0.002327	-4.65348
0.2	-0.002327	-4.65348
0.21	-0.002327	-4.65348
0.22	-0.002327	-4.65348
0.23	-0.002321	-4.64127
0.24	-0.002321	-4.64127
0.25	-0.002321	-4.64127
0.26	-0.002315	-4.62906
0.27	-0.002315	-4.62906
0.28	-0.002315	-4.62906
0.29	-0.002308	-4.61685
0.3	-0.002308	-4.61685
0.31	-0.002308	-4.61685
0.32	-0.002308	-4.61685
0.33	-0.002302	-4.60464
0.34	-0.002302	-4.60464
0.35	-0.002296	-4.59243
0.36	-0.002296	-4.59243
0.37	-0.00229	-4.58022
0.38	-0.00229	-4.58022
0.39	-0.002284	-4.56801
0.4	-0.002284	-4.56801
0.41	-0.002278	-4.5558
0.42	-0.002272	-4.54359
0.43	-0.002272	-4.54359
0.44	-0.002272	-4.54359
0.45	-0.00226	-4.51917
0.46	-0.00226	-4.51917
0.47	-0.002253	-4.50696
0.48	-0.002247	-4.49475
0.49	-0.002241	-4.48254
0.5	-0.002235	-4.47033
0.51	-0.002229	-4.45812
0.52	-0.002229	-4.45812
0.53	-0.002217	-4.4337
0.54	-0.002211	-4.42149
0.55	-0.002205	-4.40928
0.56	-0.002192	-4.38486
0.57	-0.002186	-4.37265
0.58	-0.002174	-4.34823
0.59	-0.002162	-4.32381
0.6	-0.00215	-4.299389
0.61	-0.002131	-4.262759
0.62	-0.002119	-4.238339
0.63	-0.002089	-4.177289
0.64	-0.00207	-4.140659
0.65	-0.00204	-4.079609
0.66	-0.002009	-4.018559
0.67	-0.00196	-3.920879
0.68	-0.001912	-3.823199
0.69	-0.001838	-3.676679
0.7	-0.001783	-3.566789
0.71	-0.001667	-3.334799
0.72	-0.001576	-3.151648
0.73	-0.001417	-2.834188
0.74	-0.001301	-2.602198
0.75	-0.001075	-2.150427
0.76	-0.000921	-1.842037
0.77	-0.000644	-1.28837
0.78	-0.000434	-0.867925
0.79	-0.000108	-0.21537
0.8	0.000137	0.274854
0.81	0.000515	1.030188
0.82	0.000796	1.59241
0.83	0.001202	2.403907
0.84	0.001483	2.965568
0.85	0.001886	3.771429
0.86	0.00216	4.320879
0.87	0.002582	5.16337
0.88	0.00285	5.700611
0.89	0.003253	6.506471
0.9	0.00351	7.019292
0.91	0.003882	7.764103
0.92	0.004126	8.252503
0.93	0.004493	8.985104
0.94	0.004737	9.473504
0.95	0.005085	10.169475
0.96	0.005323	10.645665
0.97	0.005677	11.353846
0.98	0.005915	11.830037
0.99	0.006257	12.513797
1	0.006513	13.026618
1.01	0.00688	13.759219
1.02	0.007124	14.247619
1.03	0.00749	14.98022
1.04	0.007747	15.49304
1.05	0.008125	16.250061
1.06	0.008436	16.872772
1.07	0.008784	17.568742
1.08	0.009041	18.081563
1.09	0.009432	18.863004
1.1	0.009706	19.412454
1.11	0.010121	20.242735
1.12	0.01039	20.779976
1.13	0.010805	21.610256
1.14	0.011409	22.818071
1.15	0.011714	23.428571
1.16	0.01202	24.039072
1.17	0.012447	24.893773
1.18	0.012752	25.504274
1.19	0.013118	26.236874
1.2	0.013546	27.091575
1.21	0.013973	27.946276
1.22	0.014278	28.556777
1.23	0.014767	29.533578
1.24	0.015072	30.144078
1.25	0.01556	31.120879
1.26	0.015927	31.85348
1.27	0.016354	32.708181
1.28	0.01672	33.440781
1.29	0.017209	34.417582
1.3	0.017514	35.028083
1.31	0.018063	36.126984
1.32	0.018369	36.737485
1.33	0.018857	37.714286
1.34	0.019223	38.446886
1.35	0.019773	39.545788
1.36	0.020139	40.278388
1.37	0.020628	41.255189
1.38	0.020994	41.98779
1.39	0.021543	43.086691
1.4	0.02191	43.819292
1.41	0.022459	44.918193
1.42	0.022825	45.650794
1.43	0.023314	46.627595
1.44	0.023741	47.482295
1.45	0.024291	48.581197
1.46	0.024657	49.313797
1.47	0.025267	50.534799
1.48	0.025634	51.267399
1.49	0.026183	52.3663
1.5	0.025939	51.8779
1.51	0.026488	52.976801
1.52	0.027099	54.197802
1.53	0.027099	54.197802
1.54	0.027099	54.197802
1.55	0.027099	54.197802
1.56	0.027038	54.075702
1.57	0.027038	54.075702
1.58	0.027099	54.197802
1.59	0.027038	54.075702
1.6	0.027038	54.075702
1.61	0.027038	54.075702
1.62	0.027038	54.075702
1.63	0.027038	54.075702
1.64	0.027038	54.075702
1.65	0.027038	54.075702
1.66	0.027038	54.075702
1.67	0.026977	53.953602
1.68	0.026977	53.953602
1.69	0.026977	53.953602
1.7	0.026977	53.953602
1.71	0.026977	53.953602
1.72	0.026977	53.953602
1.73	0.026977	53.953602
1.74	0.026977	53.953602
1.75	0.026977	53.953602
1.76	0.026977	53.953602
1.77	0.026977	53.953602
1.78	0.026977	53.953602
1.79	0.026977	53.953602
1.8	0.026977	53.953602
1.81	0.026977	53.953602
1.82	0.026977	53.953602
1.83	0.026977	53.953602
1.84	0.026916	53.831502
1.85	0.026916	53.831502
1.86	0.026916	53.831502
1.87	0.026916	53.831502
1.88	0.026916	53.831502
1.89	0.026916	53.831502
1.9	0.026916	53.831502
1.91	0.026916	53.831502
1.92	0.026916	53.831502
1.93	0.026916	53.831502
1.94	0.026916	53.831502
1.95	0.026916	53.831502
1.96	0.026916	53.831502
1.97	0.026916	53.831502
1.98	0.026916	53.831502
1.99	0.026916	53.831502
