-0.01	-3.022711E-8	-6.045421E-5
0	-1.282784E-8	-2.565568E-5
0.01	2.447375E-8	4.89475E-5
0.02	5.969963E-8	0.000119
0.03	1.006032E-7	0.000201
0.04	1.557193E-7	0.000311
0.05	2.591382E-7	0.000518
0.06	2.732408E-7	0.000546
0.07	3.424106E-7	0.000685
0.08	3.504692E-7	0.000701
0.09	4.223252E-7	0.000845
0.1	4.404571E-7	0.000881
0.11	5.149993E-7	0.00103
0.12	5.24401E-7	0.001049
0.13	6.056587E-7	0.001211
0.14	6.318492E-7	0.001264
0.15	7.164647E-7	0.001433
0.16	7.251949E-7	0.00145
0.17	8.091388E-7	0.001618
0.18	8.339862E-7	0.001668
0.19	9.172585E-7	0.001835
0.2	9.441206E-7	0.001888
0.21	1.028736E-6	0.002057
0.22	1.027393E-6	0.002055
0.23	1.145586E-6	0.002291
0.24	1.167076E-6	0.002334
0.25	1.18932E-6	0.002379
0.26	1.275645E-6	0.002551
0.27	1.361971E-6	0.002724
0.28	1.386635E-6	0.002773
0.29	1.479127E-6	0.002958
0.3	1.546954E-6	0.003094
0.31	1.66411E-6	0.003328
0.32	1.750436E-6	0.003501
0.33	1.787433E-6	0.003575
0.34	1.842928E-6	0.003686
0.35	1.947752E-6	0.003896
0.36	2.015579E-6	0.004031
0.37	2.120403E-6	0.004241
0.38	2.206728E-6	0.004413
0.39	2.317718E-6	0.004635
0.4	2.416376E-6	0.004833
0.41	2.527366E-6	0.005055
0.42	2.687685E-6	0.005375
0.43	2.737014E-6	0.005474
0.44	2.928163E-6	0.005856
0.45	3.002157E-6	0.006004
0.46	3.131645E-6	0.006263
0.47	3.310462E-6	0.006621
0.48	3.384456E-6	0.006769
0.49	3.692761E-6	0.007386
0.5	3.760589E-6	0.007521
0.51	4.025731E-6	0.008051
0.52	4.161386E-6	0.008323
0.53	4.358701E-6	0.008717
0.54	4.525186E-6	0.00905
0.55	4.833492E-6	0.009667
0.56	5.178794E-6	0.010358
0.57	5.579592E-6	0.011159
0.58	5.783073E-6	0.011566
0.59	6.331857E-6	0.012664
0.6	6.646329E-6	0.013293
0.61	7.336934E-6	0.014674
0.62	7.922714E-6	0.015845
0.63	8.859963E-6	0.01772
0.64	9.760216E-6	0.01952
0.65	1.117601E-5	0.022352
0.66	1.288712E-5	0.025774
0.67	1.545379E-5	0.030908
0.68	1.685935E-5	0.033719
0.69	2.046491E-5	0.04093
0.7	2.413158E-5	0.048263
0.71	3.067048E-5	0.061341
0.72	3.562048E-5	0.071241
0.73	4.698716E-5	0.093974
0.74	5.572606E-5	0.111452
0.75	7.369274E-5	0.147385
0.76	8.848164E-5	0.176963
0.77	0.000117	0.23452
0.78	0.000141	0.282187
0.79	0.000186	0.372631
0.8	0.000224	0.448409
0.81	0.000288	0.575521
0.82	0.000339	0.678187
0.83	0.000423	0.846854
0.84	0.000485	0.969077
0.85	0.000579	1.158521
0.86	0.00065	1.300299
0.87	0.000758	1.51541
0.88	0.000827	1.654744
0.89	0.000939	1.878411
0.9	0.001013	2.025078
0.91	0.001123	2.245177
0.92	0.001208	2.416117
0.93	0.00133	2.660317
0.94	0.001416	2.831258
0.95	0.001556	3.112088
0.96	0.001648	3.295238
0.97	0.001794	3.588278
0.98	0.001892	3.783639
0.99	0.002051	4.101099
1	0.002167	4.333089
1.01	0.002331	4.662759
1.02	0.002453	4.90696
1.03	0.002631	5.26105
1.04	0.002759	5.51746
1.05	0.002948	5.895971
1.06	0.003113	6.225641
1.07	0.003284	6.567521
1.08	0.003424	6.848352
1.09	0.003638	7.275702
1.1	0.003784	7.568742
1.11	0.004016	8.032723
1.12	0.004169	8.337973
1.13	0.004407	8.814164
1.14	0.004602	9.204884
1.15	0.004816	9.632234
1.16	0.004987	9.974115
1.17	0.005243	10.486935
1.18	0.005414	10.828816
1.19	0.005659	11.317216
1.2	0.005884	11.768987
1.21	0.006159	12.318437
1.22	0.006361	12.721368
1.23	0.006648	13.295238
1.24	0.006849	13.698168
1.25	0.007154	14.308669
1.26	0.007362	14.72381
1.27	0.007679	15.35873
1.28	0.007881	15.761661
1.29	0.008217	16.433211
1.3	0.008442	16.884982
1.31	0.008766	17.532112
1.32	0.009004	18.008303
1.33	0.009352	18.704274
1.34	0.009572	19.143834
1.35	0.009938	19.876435
1.36	0.01017	20.340415
1.37	0.010537	21.073016
1.38	0.010787	21.573626
1.39	0.011409	22.818071
1.4	0.011592	23.184371
1.41	0.011958	23.916972
1.42	0.012264	24.527473
1.43	0.01263	25.260073
1.44	0.012935	25.870574
1.45	0.013363	26.725275
1.46	0.013607	27.213675
1.47	0.014034	28.068376
1.48	0.014278	28.556777
1.49	0.014706	29.411477
1.5	0.015011	30.021978
1.51	0.015438	30.876679
1.52	0.015744	31.487179
1.53	0.016171	32.34188
1.54	0.016476	32.952381
1.55	0.016904	33.807082
1.56	0.01727	34.539683
1.57	0.017697	35.394383
1.58	0.018002	36.004884
1.59	0.018491	36.981685
1.6	0.018735	37.470085
1.61	0.019223	38.446886
1.62	0.019529	39.057387
1.63	0.020017	40.034188
1.64	0.020444	40.888889
1.65	0.020811	41.62149
1.66	0.021177	42.35409
1.67	0.021665	43.330891
1.68	0.022032	44.063492
1.69	0.022398	44.796093
1.7	0.022825	45.650794
1.71	0.023375	46.749695
1.72	0.02368	47.360195
1.73	0.02423	48.459096
1.74	0.024596	49.191697
1.75	0.025084	50.168498
1.76	0.025451	50.901099
1.77	0.025939	51.8779
1.78	0.026305	52.610501
1.79	0.026244	52.4884
1.8	0.026549	53.098901
1.81	0.027404	54.808303
1.82	0.027404	54.808303
1.83	0.027343	54.686203
1.84	0.027343	54.686203
1.85	0.027343	54.686203
1.86	0.027343	54.686203
1.87	0.027343	54.686203
1.88	0.027343	54.686203
1.89	0.027343	54.686203
1.9	0.027343	54.686203
1.91	0.027343	54.686203
1.92	0.027282	54.564103
1.93	0.027282	54.564103
1.94	0.027343	54.686203
1.95	0.027343	54.686203
1.96	0.027282	54.564103
1.97	0.027282	54.564103
1.98	0.027282	54.564103
1.99	0.027282	54.564103
