-0.01	-7.951297E-5	-0.159026
0	-7.939075E-5	-0.158781
0.01	-7.945186E-5	-0.158904
0.02	-7.963519E-5	-0.15927
0.03	-7.920741E-5	-0.158415
0.04	-7.902408E-5	-0.158048
0.05	-7.932963E-5	-0.158659
0.06	-7.902408E-5	-0.158048
0.07	-7.902408E-5	-0.158048
0.08	-7.877963E-5	-0.157559
0.09	-7.865741E-5	-0.157315
0.1	-7.853519E-5	-0.15707
0.11	-7.80463E-5	-0.156093
0.12	-7.816852E-5	-0.156337
0.13	-7.816852E-5	-0.156337
0.14	-7.780186E-5	-0.155604
0.15	-7.737408E-5	-0.154748
0.16	-7.737408E-5	-0.154748
0.17	-7.725186E-5	-0.154504
0.18	-7.682408E-5	-0.153648
0.19	-7.700741E-5	-0.154015
0.2	-7.676297E-5	-0.153526
0.21	-7.602963E-5	-0.152059
0.22	-7.609074E-5	-0.152181
0.23	-7.596852E-5	-0.151937
0.24	-7.560185E-5	-0.151204
0.25	-7.541852E-5	-0.150837
0.26	-7.492963E-5	-0.149859
0.27	-7.499074E-5	-0.149981
0.28	-7.450185E-5	-0.149004
0.29	-7.468519E-5	-0.14937
0.3	-7.431852E-5	-0.148637
0.31	-7.382963E-5	-0.147659
0.32	-7.36463E-5	-0.147293
0.33	-7.291296E-5	-0.145826
0.34	-7.30963E-5	-0.146193
0.35	-7.230185E-5	-0.144604
0.36	-7.193518E-5	-0.14387
0.37	-7.169074E-5	-0.143381
0.38	-7.107963E-5	-0.142159
0.39	-7.046851E-5	-0.140937
0.4	-7.04074E-5	-0.140815
0.41	-6.997963E-5	-0.139959
0.42	-6.918518E-5	-0.13837
0.43	-6.900185E-5	-0.138004
0.44	-6.802407E-5	-0.136048
0.45	-6.747407E-5	-0.134948
0.46	-6.722962E-5	-0.134459
0.47	-6.612962E-5	-0.132259
0.48	-6.54574E-5	-0.130915
0.49	-6.392962E-5	-0.127859
0.5	-6.32574E-5	-0.126515
0.51	-6.160739E-5	-0.123215
0.52	-6.081295E-5	-0.121626
0.53	-5.879628E-5	-0.117593
0.54	-5.659628E-5	-0.113193
0.55	-5.384628E-5	-0.107693
0.56	-5.072961E-5	-0.101459
0.57	-4.761294E-5	-0.095226
0.58	-4.455738E-5	-0.089115
0.59	-3.820182E-5	-0.076404
0.6	-3.31907E-5	-0.066381
0.61	-2.237402E-5	-0.044748
0.62	-1.436846E-5	-0.028737
0.63	1.016669E-6	0.002033
0.64	1.465935E-5	0.029319
0.65	4.020382E-5	0.080408
0.66	6.403718E-5	0.128074
0.67	0.000107	0.213752
0.68	0.00014	0.280965
0.69	0.000211	0.42152
0.7	0.000265	0.530298
0.71	0.00037	0.739299
0.72	0.000448	0.896965
0.73	0.000609	1.217188
0.74	0.000726	1.451855
0.75	0.000947	1.893077
0.76	0.001104	2.208547
0.77	0.001403	2.806838
0.78	0.001611	3.221978
0.79	0.001971	3.942369
0.8	0.002228	4.455189
0.81	0.002661	5.3221
0.82	0.00296	5.920391
0.83	0.003418	6.836142
0.84	0.003766	7.532112
0.85	0.004279	8.557753
0.86	0.004645	9.290354
0.87	0.005182	10.364835
0.88	0.005555	11.109646
0.89	0.006123	12.245177
0.9	0.006495	12.989988
0.91	0.007075	14.149939
0.92	0.007453	14.90696
0.93	0.008033	16.066911
0.94	0.0084	16.799512
0.95	0.008974	17.947253
0.96	0.00934	18.679853
0.97	0.009902	19.803175
0.98	0.010274	20.547985
0.99	0.01083	21.659096
1	0.011409	22.818071
1.01	0.011958	23.916972
1.02	0.012264	24.527473
1.03	0.012813	25.626374
1.04	0.013179	26.358974
1.05	0.013729	27.457875
1.06	0.014156	28.312576
1.07	0.014584	29.167277
1.08	0.01495	29.899878
1.09	0.015499	30.998779
1.1	0.015866	31.73138
1.11	0.016354	32.708181
1.12	0.01672	33.440781
1.13	0.01727	34.539683
1.14	0.017758	35.516484
1.15	0.018186	36.371184
1.16	0.018552	37.103785
1.17	0.019101	38.202686
1.18	0.019468	38.935287
1.19	0.019895	39.789988
1.2	0.020383	40.766789
1.21	0.020933	41.86569
1.22	0.021299	42.598291
1.23	0.021849	43.697192
1.24	0.022276	44.551893
1.25	0.022764	45.528694
1.26	0.023192	46.383394
1.27	0.023741	47.482295
1.28	0.024107	48.214896
1.29	0.024718	49.435897
1.3	0.025084	50.168498
1.31	0.025695	51.389499
1.32	0.026061	52.1221
1.33	0.026061	52.1221
1.34	0.026488	52.976801
1.35	0.027282	54.564103
1.36	0.027282	54.564103
1.37	0.027282	54.564103
1.38	0.027282	54.564103
1.39	0.027282	54.564103
1.4	0.027221	54.442002
1.41	0.027221	54.442002
1.42	0.027282	54.564103
1.43	0.027282	54.564103
1.44	0.027221	54.442002
1.45	0.027221	54.442002
1.46	0.027221	54.442002
1.47	0.027221	54.442002
1.48	0.027221	54.442002
1.49	0.027221	54.442002
1.5	0.027221	54.442002
1.51	0.02716	54.319902
1.52	0.02716	54.319902
1.53	0.027221	54.442002
1.54	0.02716	54.319902
1.55	0.02716	54.319902
1.56	0.02716	54.319902
1.57	0.02716	54.319902
1.58	0.02716	54.319902
1.59	0.02716	54.319902
1.6	0.02716	54.319902
1.61	0.02716	54.319902
1.62	0.02716	54.319902
1.63	0.027099	54.197802
1.64	0.027099	54.197802
1.65	0.02716	54.319902
1.66	0.02716	54.319902
1.67	0.027099	54.197802
1.68	0.027099	54.197802
1.69	0.027099	54.197802
1.7	0.027099	54.197802
1.71	0.027099	54.197802
1.72	0.027099	54.197802
1.73	0.027099	54.197802
1.74	0.027099	54.197802
1.75	0.027099	54.197802
1.76	0.027099	54.197802
1.77	0.027099	54.197802
1.78	0.027099	54.197802
1.79	0.027099	54.197802
1.8	0.027099	54.197802
1.81	0.027099	54.197802
1.82	0.027099	54.197802
1.83	0.027038	54.075702
1.84	0.027038	54.075702
1.85	0.027038	54.075702
1.86	0.027038	54.075702
1.87	0.027038	54.075702
1.88	0.027038	54.075702
1.89	0.027038	54.075702
1.9	0.027038	54.075702
1.91	0.027038	54.075702
1.92	0.027038	54.075702
1.93	0.027038	54.075702
1.94	0.027038	54.075702
1.95	0.027038	54.075702
1.96	0.027038	54.075702
1.97	0.027038	54.075702
1.98	0.027038	54.075702
1.99	0.027038	54.075702
