-0.01	-0.005086	-10.172405
0	-0.005086	-10.172405
0.01	-0.00508	-10.160195
0.02	-0.005074	-10.147985
0.03	-0.005074	-10.147985
0.04	-0.005068	-10.135775
0.05	-0.005062	-10.123565
0.06	-0.005056	-10.111355
0.07	-0.00505	-10.099145
0.08	-0.00505	-10.099145
0.09	-0.005037	-10.074725
0.1	-0.005037	-10.074725
0.11	-0.005025	-10.050305
0.12	-0.005019	-10.038095
0.13	-0.005013	-10.025885
0.14	-0.005007	-10.013675
0.15	-0.004995	-9.989255
0.16	-0.004989	-9.977045
0.17	-0.004976	-9.952625
0.18	-0.00497	-9.940415
0.19	-0.004958	-9.915995
0.2	-0.004946	-9.891575
0.21	-0.004934	-9.867155
0.22	-0.004927	-9.854945
0.23	-0.004909	-9.818315
0.24	-0.004897	-9.793895
0.25	-0.004879	-9.757265
0.26	-0.00486	-9.720635
0.27	-0.004836	-9.671795
0.28	-0.004818	-9.635165
0.29	-0.004787	-9.574115
0.3	-0.004763	-9.525275
0.31	-0.004726	-9.452015
0.32	-0.004689	-9.378755
0.33	-0.004641	-9.281074
0.34	-0.004604	-9.207814
0.35	-0.004531	-9.061294
0.36	-0.004476	-8.951404
0.37	-0.004384	-8.768254
0.38	-0.004311	-8.621734
0.39	-0.004195	-8.389744
0.4	-0.004097	-8.194383
0.41	-0.003938	-7.876923
0.42	-0.003822	-7.644933
0.43	-0.003615	-7.229792
0.44	-0.003462	-6.924542
0.45	-0.003206	-6.411722
0.46	-0.003035	-6.069841
0.47	-0.002711	-5.422711
0.48	-0.002498	-4.99536
0.49	-0.002131	-4.262759
0.5	-0.001875	-3.749939
0.51	-0.001442	-2.883028
0.52	-0.001161	-2.321368
0.53	-0.000702	-1.404481
0.54	-0.000381	-0.762814
0.55	0.000141	0.282187
0.56	0.000582	1.16341
0.57	0.001075	2.150967
0.58	0.001434	2.867888
0.59	0.002038	4.076679
0.6	0.002417	4.8337
0.61	0.003064	6.127961
0.62	0.003485	6.970452
0.63	0.00412	8.240293
0.64	0.004596	9.192674
0.65	0.00525	10.499145
0.66	0.005701	11.402686
0.67	0.006397	12.794628
0.68	0.006861	13.722589
0.69	0.007594	15.18779
0.7	0.008082	16.164591
0.71	0.008784	17.568742
0.72	0.009279	18.557753
0.73	0.010036	20.071795
0.74	0.010537	21.073016
0.75	0.01147	22.940171
0.76	0.011958	23.916972
0.77	0.012752	25.504274
0.78	0.013302	26.603175
0.79	0.014034	28.068376
0.8	0.014584	29.167277
0.81	0.015377	30.754579
0.82	0.015927	31.85348
0.83	0.01672	33.440781
0.84	0.017209	34.417582
0.85	0.018063	36.126984
0.86	0.018613	37.225885
0.87	0.019407	38.813187
0.88	0.019956	39.912088
0.89	0.02075	41.499389
0.9	0.021299	42.598291
0.91	0.022154	44.307692
0.92	0.022642	45.284493
0.93	0.023497	46.993895
0.94	0.024046	48.092796
0.95	0.024901	49.802198
0.96	0.025451	50.901099
0.97	0.025573	51.145299
0.98	0.026122	52.2442
0.99	0.026794	53.587302
1	0.026855	53.709402
1.01	0.026855	53.709402
1.02	0.026794	53.587302
1.03	0.026855	53.709402
1.04	0.026794	53.587302
1.05	0.026794	53.587302
1.06	0.026794	53.587302
1.07	0.026794	53.587302
1.08	0.026794	53.587302
1.09	0.026794	53.587302
1.1	0.026733	53.465201
1.11	0.026733	53.465201
1.12	0.026733	53.465201
1.13	0.026733	53.465201
1.14	0.026733	53.465201
1.15	0.026794	53.587302
1.16	0.026733	53.465201
1.17	0.026733	53.465201
1.18	0.026733	53.465201
1.19	0.026733	53.465201
1.2	0.026733	53.465201
1.21	0.026733	53.465201
1.22	0.026733	53.465201
1.23	0.026733	53.465201
1.24	0.026733	53.465201
1.25	0.026672	53.343101
1.26	0.026672	53.343101
1.27	0.026672	53.343101
1.28	0.026672	53.343101
1.29	0.026672	53.343101
1.3	0.026672	53.343101
1.31	0.026672	53.343101
1.32	0.026672	53.343101
1.33	0.026672	53.343101
1.34	0.026672	53.343101
1.35	0.026672	53.343101
1.36	0.026672	53.343101
1.37	0.026611	53.221001
1.38	0.026672	53.343101
1.39	0.026611	53.221001
1.4	0.026611	53.221001
1.41	0.026672	53.343101
1.42	0.026611	53.221001
1.43	0.026611	53.221001
1.44	0.026672	53.343101
1.45	0.026611	53.221001
1.46	0.026611	53.221001
1.47	0.026611	53.221001
1.48	0.026611	53.221001
1.49	0.026611	53.221001
1.5	0.026611	53.221001
1.51	0.026611	53.221001
1.52	0.026611	53.221001
1.53	0.026611	53.221001
1.54	0.026611	53.221001
1.55	0.026611	53.221001
1.56	0.026611	53.221001
1.57	0.026611	53.221001
1.58	0.026611	53.221001
1.59	0.026549	53.098901
1.6	0.026611	53.221001
1.61	0.026611	53.221001
1.62	0.026549	53.098901
1.63	0.026549	53.098901
1.64	0.026549	53.098901
1.65	0.026611	53.221001
1.66	0.026549	53.098901
1.67	0.026611	53.221001
1.68	0.026549	53.098901
1.69	0.026549	53.098901
1.7	0.026549	53.098901
1.71	0.026549	53.098901
1.72	0.026549	53.098901
1.73	0.026549	53.098901
1.74	0.026549	53.098901
1.75	0.026549	53.098901
1.76	0.026549	53.098901
1.77	0.026549	53.098901
1.78	0.026549	53.098901
1.79	0.026549	53.098901
1.8	0.026549	53.098901
1.81	0.026549	53.098901
1.82	0.026549	53.098901
1.83	0.026549	53.098901
1.84	0.026549	53.098901
1.85	0.026549	53.098901
1.86	0.026549	53.098901
1.87	0.026549	53.098901
1.88	0.026549	53.098901
1.89	0.026549	53.098901
1.9	0.026549	53.098901
1.91	0.026549	53.098901
1.92	0.026549	53.098901
1.93	0.026549	53.098901
1.94	0.026549	53.098901
1.95	0.026549	53.098901
1.96	0.026549	53.098901
1.97	0.026549	53.098901
1.98	0.026549	53.098901
1.99	0.026549	53.098901
