-0.01	-0.003774	-7.547253
0	-0.003774	-7.547253
0.01	-0.003768	-7.535043
0.02	-0.003768	-7.535043
0.03	-0.003768	-7.535043
0.04	-0.003768	-7.535043
0.05	-0.003768	-7.535043
0.06	-0.003768	-7.535043
0.07	-0.003768	-7.535043
0.08	-0.003761	-7.522833
0.09	-0.003761	-7.522833
0.1	-0.003761	-7.522833
0.11	-0.003761	-7.522833
0.12	-0.003761	-7.522833
0.13	-0.003755	-7.510623
0.14	-0.003755	-7.510623
0.15	-0.003755	-7.510623
0.16	-0.003749	-7.498413
0.17	-0.003749	-7.498413
0.18	-0.003749	-7.498413
0.19	-0.003743	-7.486203
0.2	-0.003743	-7.486203
0.21	-0.003743	-7.486203
0.22	-0.003737	-7.473993
0.23	-0.003737	-7.473993
0.24	-0.003737	-7.473993
0.25	-0.003731	-7.461783
0.26	-0.003725	-7.449573
0.27	-0.003725	-7.449573
0.28	-0.003725	-7.449573
0.29	-0.003719	-7.437363
0.3	-0.003713	-7.425153
0.31	-0.003713	-7.425153
0.32	-0.003706	-7.412943
0.33	-0.003706	-7.412943
0.34	-0.0037	-7.400733
0.35	-0.003694	-7.388523
0.36	-0.003694	-7.388523
0.37	-0.003682	-7.364103
0.38	-0.003682	-7.364103
0.39	-0.003676	-7.351893
0.4	-0.00367	-7.339683
0.41	-0.003664	-7.327473
0.42	-0.003658	-7.315263
0.43	-0.003652	-7.303053
0.44	-0.003645	-7.290842
0.45	-0.003639	-7.278632
0.46	-0.003633	-7.266422
0.47	-0.003627	-7.254212
0.48	-0.003615	-7.229792
0.49	-0.003609	-7.217582
0.5	-0.003597	-7.193162
0.51	-0.00359	-7.180952
0.52	-0.003578	-7.156532
0.53	-0.003572	-7.144322
0.54	-0.00356	-7.119902
0.55	-0.003542	-7.083272
0.56	-0.003536	-7.071062
0.57	-0.003517	-7.034432
0.58	-0.003505	-7.010012
0.59	-0.003487	-6.973382
0.6	-0.003474	-6.948962
0.61	-0.00345	-6.900122
0.62	-0.003432	-6.863492
0.63	-0.003407	-6.814652
0.64	-0.003383	-6.765812
0.65	-0.003346	-6.692552
0.66	-0.003316	-6.631502
0.67	-0.003261	-6.521612
0.68	-0.003224	-6.448352
0.69	-0.003151	-6.301832
0.7	-0.00309	-6.179731
0.71	-0.002974	-5.947741
0.72	-0.002888	-5.776801
0.73	-0.002736	-5.471551
0.74	-0.002614	-5.22735
0.75	-0.002394	-4.78779
0.76	-0.002235	-4.47033
0.77	-0.001967	-3.933089
0.78	-0.001759	-3.517949
0.79	-0.001442	-2.883028
0.8	-0.001228	-2.455678
0.81	-0.000879	-1.758926
0.82	-0.000647	-1.294481
0.83	-0.000287	-0.573369
0.84	-5.952962E-5	-0.119059
0.85	0.000267	0.533965
0.86	0.000472	0.94341
0.87	0.000767	1.534966
0.88	0.00094	1.879633
0.89	0.001184	2.367277
0.9	0.00133	2.660317
0.91	0.00155	3.099878
0.92	0.001696	3.392918
0.93	0.001898	3.795849
0.94	0.002032	4.064469
0.95	0.002252	4.504029
0.96	0.002399	4.79707
0.97	0.002618	5.23663
0.98	0.002771	5.54188
0.99	0.003003	6.005861
1	0.003162	6.323321
1.01	0.003406	6.811722
1.02	0.003571	7.141392
1.03	0.003827	7.654212
1.04	0.00401	8.020513
1.05	0.004261	8.521123
1.06	0.004499	8.997314
1.07	0.004731	9.461294
1.08	0.00492	9.839805
1.09	0.005213	10.425885
1.1	0.005408	10.816606
1.11	0.005714	11.427106
1.12	0.005909	11.817827
1.13	0.00622	12.440537
1.14	0.006495	12.989988
1.15	0.006758	13.515018
1.16	0.006971	13.942369
1.17	0.007325	14.650549
1.18	0.007545	15.09011
1.19	0.007838	15.67619
1.2	0.008125	16.250061
1.21	0.008485	16.970452
1.22	0.008723	17.446642
1.23	0.009084	18.167033
1.24	0.009346	18.692063
1.25	0.009718	19.436874
1.26	0.009969	19.937485
1.27	0.010359	20.718926
1.28	0.010634	21.268376
1.29	0.011226	22.45177
1.3	0.011531	23.062271
1.31	0.011897	23.794872
1.32	0.012203	24.405372
1.33	0.01263	25.260073
1.34	0.012874	25.748474
1.35	0.013363	26.725275
1.36	0.013607	27.213675
1.37	0.014034	28.068376
1.38	0.014339	28.678877
1.39	0.014767	29.533578
1.4	0.015133	30.266178
1.41	0.01556	31.120879
1.42	0.015866	31.73138
1.43	0.016354	32.708181
1.44	0.016659	33.318681
1.45	0.017148	34.295482
1.46	0.017453	34.905983
1.47	0.017941	35.882784
1.48	0.018247	36.493284
1.49	0.018735	37.470085
1.5	0.019101	38.202686
1.51	0.019529	39.057387
1.52	0.019895	39.789988
1.53	0.020383	40.766789
1.54	0.02075	41.499389
1.55	0.021238	42.47619
1.56	0.021665	43.330891
1.57	0.022154	44.307692
1.58	0.022459	44.918193
1.59	0.022947	45.894994
1.6	0.023375	46.749695
1.61	0.023863	47.726496
1.62	0.02423	48.459096
1.63	0.024779	49.557998
1.64	0.025267	50.534799
1.65	0.025695	51.389499
1.66	0.026061	52.1221
1.67	0.026061	52.1221
1.68	0.026305	52.610501
1.69	0.027038	54.075702
1.7	0.027038	54.075702
1.71	0.027038	54.075702
1.72	0.027038	54.075702
1.73	0.027038	54.075702
1.74	0.027038	54.075702
1.75	0.026977	53.953602
1.76	0.027038	54.075702
1.77	0.027038	54.075702
1.78	0.026977	53.953602
1.79	0.026977	53.953602
1.8	0.026977	53.953602
1.81	0.026977	53.953602
1.82	0.026977	53.953602
1.83	0.026977	53.953602
1.84	0.026977	53.953602
1.85	0.026977	53.953602
1.86	0.026977	53.953602
1.87	0.026977	53.953602
1.88	0.026977	53.953602
1.89	0.026977	53.953602
1.9	0.026977	53.953602
1.91	0.026977	53.953602
1.92	0.026916	53.831502
1.93	0.026916	53.831502
1.94	0.026916	53.831502
1.95	0.026977	53.953602
1.96	0.026916	53.831502
1.97	0.026916	53.831502
1.98	0.026916	53.831502
1.99	0.026916	53.831502
