-0.01	-0.001533	-3.066178
0	-0.001533	-3.066178
0.01	-0.001533	-3.066178
0.02	-0.001533	-3.066178
0.03	-0.001533	-3.066178
0.04	-0.001533	-3.066178
0.05	-0.001533	-3.066178
0.06	-0.001533	-3.066178
0.07	-0.001533	-3.066178
0.08	-0.001527	-3.053968
0.09	-0.001533	-3.066178
0.1	-0.001533	-3.066178
0.11	-0.001533	-3.066178
0.12	-0.001527	-3.053968
0.13	-0.001527	-3.053968
0.14	-0.001533	-3.066178
0.15	-0.001527	-3.053968
0.16	-0.001521	-3.041758
0.17	-0.001527	-3.053968
0.18	-0.001527	-3.053968
0.19	-0.001527	-3.053968
0.2	-0.001521	-3.041758
0.21	-0.001521	-3.041758
0.22	-0.001527	-3.053968
0.23	-0.001521	-3.041758
0.24	-0.001515	-3.029548
0.25	-0.001515	-3.029548
0.26	-0.001521	-3.041758
0.27	-0.001515	-3.029548
0.28	-0.001515	-3.029548
0.29	-0.001515	-3.029548
0.3	-0.001515	-3.029548
0.31	-0.001509	-3.017338
0.32	-0.001509	-3.017338
0.33	-0.001509	-3.017338
0.34	-0.001503	-3.005128
0.35	-0.001503	-3.005128
0.36	-0.001503	-3.005128
0.37	-0.001503	-3.005128
0.38	-0.001496	-2.992918
0.39	-0.00149	-2.980708
0.4	-0.00149	-2.980708
0.41	-0.00149	-2.980708
0.42	-0.00149	-2.980708
0.43	-0.001484	-2.968498
0.44	-0.001484	-2.968498
0.45	-0.001478	-2.956288
0.46	-0.001472	-2.944078
0.47	-0.001472	-2.944078
0.48	-0.001472	-2.944078
0.49	-0.001466	-2.931868
0.5	-0.00146	-2.919658
0.51	-0.001454	-2.907448
0.52	-0.001454	-2.907448
0.53	-0.001454	-2.907448
0.54	-0.001448	-2.895238
0.55	-0.001442	-2.883028
0.56	-0.001435	-2.870818
0.57	-0.001429	-2.858608
0.58	-0.001429	-2.858608
0.59	-0.001423	-2.846398
0.6	-0.001417	-2.834188
0.61	-0.001411	-2.821978
0.62	-0.001405	-2.809768
0.63	-0.001399	-2.797558
0.64	-0.001393	-2.785348
0.65	-0.00138	-2.760928
0.66	-0.00138	-2.760928
0.67	-0.001368	-2.736508
0.68	-0.001362	-2.724298
0.69	-0.00135	-2.699878
0.7	-0.001338	-2.675458
0.71	-0.001319	-2.638828
0.72	-0.001307	-2.614408
0.73	-0.001277	-2.553358
0.74	-0.001252	-2.504518
0.75	-0.001216	-2.431258
0.76	-0.001179	-2.357998
0.77	-0.001106	-2.211477
0.78	-0.001057	-2.113797
0.79	-0.000965	-1.930037
0.8	-0.000886	-1.772371
0.81	-0.000752	-1.503482
0.82	-0.000648	-1.296926
0.83	-0.000498	-0.995037
0.84	-0.0004	-0.800703
0.85	-0.000263	-0.525703
0.86	-0.000185	-0.369258
0.87	-9.161298E-5	-0.183226
0.88	-4.761294E-5	-0.095226
0.89	3.452283E-6	0.006905
0.9	2.828714E-5	0.056574
0.91	5.700939E-5	0.114019
0.92	7.503719E-5	0.150074
0.93	0.0001	0.200308
0.94	0.00012	0.239409
0.95	0.00015	0.30052
0.96	0.000171	0.342076
0.97	0.000207	0.414187
0.98	0.000232	0.464298
0.99	0.000272	0.544965
1	0.000302	0.604854
1.01	0.000348	0.696521
1.02	0.000383	0.766187
1.03	0.000437	0.874965
1.04	0.000475	0.950743
1.05	0.000535	1.070521
1.06	0.000588	1.175632
1.07	0.000645	1.289299
1.08	0.000692	1.384632
1.09	0.000767	1.533744
1.1	0.00082	1.640077
1.11	0.000901	1.802633
1.12	0.000956	1.912633
1.13	0.001043	2.086189
1.14	0.001123	2.245177
1.15	0.001196	2.391697
1.16	0.001263	2.526007
1.17	0.001367	2.733578
1.18	0.001434	2.867888
1.19	0.001532	3.063248
1.2	0.001623	3.246398
1.21	0.001739	3.478388
1.22	0.001825	3.649328
1.23	0.001953	3.905739
1.24	0.002038	4.076679
1.25	0.002173	4.345299
1.26	0.002264	4.528449
1.27	0.002411	4.82149
1.28	0.002508	5.01685
1.29	0.002655	5.30989
1.3	0.002759	5.51746
1.31	0.002917	5.834921
1.32	0.003033	6.066911
1.33	0.003192	6.384371
1.34	0.003308	6.616361
1.35	0.003485	6.970452
1.36	0.003601	7.202442
1.37	0.003784	7.568742
1.38	0.003913	7.825153
1.39	0.004108	8.215873
1.4	0.004242	8.484493
1.41	0.004438	8.875214
1.42	0.004578	9.156044
1.43	0.004786	9.571184
1.44	0.004932	9.864225
1.45	0.005146	10.291575
1.46	0.005298	10.596825
1.47	0.005524	11.048596
1.48	0.005677	11.353846
1.49	0.005915	11.830037
1.5	0.00608	12.159707
1.51	0.006324	12.648107
1.52	0.006483	12.965568
1.53	0.006745	13.490598
1.54	0.006916	13.832479
1.55	0.007167	14.333089
1.56	0.007392	14.78486
1.57	0.007624	15.24884
1.58	0.007808	15.61514
1.59	0.008076	16.152381
1.6	0.008278	16.555311
1.61	0.008565	17.129182
1.62	0.00876	17.519902
1.63	0.009053	18.105983
1.64	0.009309	18.618803
1.65	0.00956	19.119414
1.66	0.009755	19.510134
1.67	0.010079	20.157265
1.68	0.010298	20.596825
1.69	0.010561	21.121856
1.7	0.010823	21.646886
1.71	0.011348	22.695971
1.72	0.011592	23.184371
1.73	0.011897	23.794872
1.74	0.012142	24.283272
1.75	0.012508	25.015873
1.76	0.012691	25.382173
1.77	0.013118	26.236874
1.78	0.013363	26.725275
1.79	0.013729	27.457875
1.8	0.013973	27.946276
1.81	0.014339	28.678877
1.82	0.014584	29.167277
1.83	0.01495	29.899878
1.84	0.015255	30.510379
1.85	0.015621	31.242979
1.86	0.015927	31.85348
1.87	0.016293	32.586081
1.88	0.016537	33.074481
1.89	0.016965	33.929182
1.9	0.01727	34.539683
1.91	0.017697	35.394383
1.92	0.018002	36.004884
1.93	0.018369	36.737485
1.94	0.018674	37.347985
1.95	0.019101	38.202686
1.96	0.019407	38.813187
1.97	0.019834	39.667888
1.98	0.020139	40.278388
1.99	0.020567	41.133089
