-0.01	-0.001582	-3.163858
0	-0.001576	-3.151648
0.01	-0.001576	-3.151648
0.02	-0.001576	-3.151648
0.03	-0.001576	-3.151648
0.04	-0.001576	-3.151648
0.05	-0.00157	-3.139438
0.06	-0.00157	-3.139438
0.07	-0.001564	-3.127228
0.08	-0.001564	-3.127228
0.09	-0.001558	-3.115018
0.1	-0.001558	-3.115018
0.11	-0.001558	-3.115018
0.12	-0.001551	-3.102808
0.13	-0.001551	-3.102808
0.14	-0.001545	-3.090598
0.15	-0.001539	-3.078388
0.16	-0.001539	-3.078388
0.17	-0.001539	-3.078388
0.18	-0.001533	-3.066178
0.19	-0.001527	-3.053968
0.2	-0.001527	-3.053968
0.21	-0.001521	-3.041758
0.22	-0.001515	-3.029548
0.23	-0.001509	-3.017338
0.24	-0.001509	-3.017338
0.25	-0.001496	-2.992918
0.26	-0.001496	-2.992918
0.27	-0.001484	-2.968498
0.28	-0.001478	-2.956288
0.29	-0.001466	-2.931868
0.3	-0.00146	-2.919658
0.31	-0.001448	-2.895238
0.32	-0.001435	-2.870818
0.33	-0.001417	-2.834188
0.34	-0.001399	-2.797558
0.35	-0.001374	-2.748718
0.36	-0.00135	-2.699878
0.37	-0.001319	-2.638828
0.38	-0.001289	-2.577778
0.39	-0.00124	-2.480098
0.4	-0.001203	-2.406838
0.41	-0.001136	-2.272527
0.42	-0.001081	-2.162637
0.43	-0.001001	-2.002149
0.44	-0.000928	-1.856704
0.45	-0.000801	-1.601259
0.46	-0.000702	-1.403259
0.47	-0.000535	-1.069592
0.48	-0.000399	-0.798259
0.49	-0.000175	-0.349703
0.5	-2.219069E-5	-0.044381
0.51	0.000256	0.511965
0.52	0.000458	0.916521
0.53	0.000799	1.597299
0.54	0.00103	2.060522
0.55	0.001422	2.843468
0.56	0.001776	3.551648
0.57	0.002142	4.284249
0.58	0.002466	4.93138
0.59	0.00296	5.920391
0.6	0.00329	6.579731
0.61	0.003839	7.678632
0.62	0.00423	8.460073
0.63	0.00481	9.620024
0.64	0.005189	10.377045
0.65	0.005817	11.634676
0.66	0.006239	12.477167
0.67	0.006874	13.747009
0.68	0.007313	14.626129
0.69	0.007991	15.981441
0.7	0.008455	16.909402
0.71	0.009132	18.264713
0.72	0.009584	19.168254
0.73	0.010329	20.657875
0.74	0.010799	21.598046
0.75	0.011714	23.428571
0.76	0.012203	24.405372
0.77	0.012935	25.870574
0.78	0.013485	26.969475
0.79	0.014217	28.434676
0.8	0.014767	29.533578
0.81	0.015499	30.998779
0.82	0.015988	31.97558
0.83	0.016842	33.684982
0.84	0.017331	34.661783
0.85	0.018125	36.249084
0.86	0.018613	37.225885
0.87	0.019468	38.935287
0.88	0.020017	40.034188
0.89	0.020811	41.62149
0.9	0.02136	42.720391
0.91	0.022154	44.307692
0.92	0.022642	45.284493
0.93	0.023497	46.993895
0.94	0.024046	48.092796
0.95	0.024901	49.802198
0.96	0.025389	50.778999
0.97	0.026183	52.3663
0.98	0.026183	52.3663
0.99	0.02716	54.319902
1	0.02716	54.319902
1.01	0.02716	54.319902
1.02	0.027099	54.197802
1.03	0.027099	54.197802
1.04	0.027099	54.197802
1.05	0.027099	54.197802
1.06	0.027099	54.197802
1.07	0.027099	54.197802
1.08	0.027099	54.197802
1.09	0.027038	54.075702
1.1	0.027038	54.075702
1.11	0.027038	54.075702
1.12	0.027038	54.075702
1.13	0.027038	54.075702
1.14	0.027038	54.075702
1.15	0.027038	54.075702
1.16	0.027038	54.075702
1.17	0.027038	54.075702
1.18	0.027038	54.075702
1.19	0.026977	53.953602
1.2	0.026977	53.953602
1.21	0.026977	53.953602
1.22	0.026977	53.953602
1.23	0.026977	53.953602
1.24	0.026977	53.953602
1.25	0.026977	53.953602
1.26	0.026977	53.953602
1.27	0.026977	53.953602
1.28	0.026977	53.953602
1.29	0.026977	53.953602
1.3	0.026977	53.953602
1.31	0.026977	53.953602
1.32	0.026977	53.953602
1.33	0.026977	53.953602
1.34	0.026916	53.831502
1.35	0.026916	53.831502
1.36	0.026916	53.831502
1.37	0.026916	53.831502
1.38	0.026916	53.831502
1.39	0.026916	53.831502
1.4	0.026916	53.831502
1.41	0.026916	53.831502
1.42	0.026916	53.831502
1.43	0.026916	53.831502
1.44	0.026916	53.831502
1.45	0.026916	53.831502
1.46	0.026916	53.831502
1.47	0.026916	53.831502
1.48	0.026916	53.831502
1.49	0.026916	53.831502
1.5	0.026916	53.831502
1.51	0.026916	53.831502
1.52	0.026855	53.709402
1.53	0.026855	53.709402
1.54	0.026916	53.831502
1.55	0.026855	53.709402
1.56	0.026855	53.709402
1.57	0.026855	53.709402
1.58	0.026855	53.709402
1.59	0.026855	53.709402
1.6	0.026855	53.709402
1.61	0.026855	53.709402
1.62	0.026855	53.709402
1.63	0.026855	53.709402
1.64	0.026855	53.709402
1.65	0.026855	53.709402
1.66	0.026855	53.709402
1.67	0.026794	53.587302
1.68	0.026855	53.709402
1.69	0.026855	53.709402
1.7	0.026855	53.709402
1.71	0.026855	53.709402
1.72	0.026855	53.709402
1.73	0.026855	53.709402
1.74	0.026794	53.587302
1.75	0.026794	53.587302
1.76	0.026855	53.709402
1.77	0.026794	53.587302
1.78	0.026794	53.587302
1.79	0.026855	53.709402
1.8	0.026794	53.587302
1.81	0.026794	53.587302
1.82	0.026794	53.587302
1.83	0.026794	53.587302
1.84	0.026794	53.587302
1.85	0.026794	53.587302
1.86	0.026794	53.587302
1.87	0.026855	53.709402
1.88	0.026794	53.587302
1.89	0.026794	53.587302
1.9	0.026794	53.587302
1.91	0.026794	53.587302
1.92	0.026794	53.587302
1.93	0.026794	53.587302
1.94	0.026794	53.587302
1.95	0.026794	53.587302
1.96	0.026794	53.587302
1.97	0.026794	53.587302
1.98	0.026794	53.587302
1.99	0.026794	53.587302
