-0.01	-0.005678	-11.356777
0	-0.005678	-11.356777
0.01	-0.005678	-11.356777
0.02	-0.005678	-11.356777
0.03	-0.005678	-11.356777
0.04	-0.005672	-11.344567
0.05	-0.005672	-11.344567
0.06	-0.005672	-11.344567
0.07	-0.005666	-11.332357
0.08	-0.005666	-11.332357
0.09	-0.00566	-11.320147
0.1	-0.00566	-11.320147
0.11	-0.00566	-11.320147
0.12	-0.005654	-11.307937
0.13	-0.005654	-11.307937
0.14	-0.005654	-11.307937
0.15	-0.005648	-11.295726
0.16	-0.005642	-11.283516
0.17	-0.005642	-11.283516
0.18	-0.005636	-11.271306
0.19	-0.00563	-11.259096
0.2	-0.00563	-11.259096
0.21	-0.005623	-11.246886
0.22	-0.005623	-11.246886
0.23	-0.005617	-11.234676
0.24	-0.005611	-11.222466
0.25	-0.005605	-11.210256
0.26	-0.005605	-11.210256
0.27	-0.005599	-11.198046
0.28	-0.005593	-11.185836
0.29	-0.005587	-11.173626
0.3	-0.005581	-11.161416
0.31	-0.005575	-11.149206
0.32	-0.005568	-11.136996
0.33	-0.005556	-11.112576
0.34	-0.005556	-11.112576
0.35	-0.005544	-11.088156
0.36	-0.005538	-11.075946
0.37	-0.005526	-11.051526
0.38	-0.00552	-11.039316
0.39	-0.005514	-11.027106
0.4	-0.005501	-11.002686
0.41	-0.005495	-10.990476
0.42	-0.005483	-10.966056
0.43	-0.005471	-10.941636
0.44	-0.005459	-10.917216
0.45	-0.005453	-10.905006
0.46	-0.00544	-10.880586
0.47	-0.005428	-10.856166
0.48	-0.005416	-10.831746
0.49	-0.005398	-10.795116
0.5	-0.005385	-10.770696
0.51	-0.005361	-10.721856
0.52	-0.005349	-10.697436
0.53	-0.00533	-10.660806
0.54	-0.005312	-10.624176
0.55	-0.005288	-10.575336
0.56	-0.005263	-10.526496
0.57	-0.005239	-10.477656
0.58	-0.005221	-10.441026
0.59	-0.005178	-10.355556
0.6	-0.005153	-10.306716
0.61	-0.005105	-10.209035
0.62	-0.005068	-10.135775
0.63	-0.005013	-10.025885
0.64	-0.004964	-9.928205
0.65	-0.004879	-9.757265
0.66	-0.004811	-9.622955
0.67	-0.004695	-9.390965
0.68	-0.004598	-9.195604
0.69	-0.004439	-8.878144
0.7	-0.004305	-8.609524
0.71	-0.004079	-8.157753
0.72	-0.003908	-7.815873
0.73	-0.003609	-7.217582
0.74	-0.003401	-6.802442
0.75	-0.003041	-6.082051
0.76	-0.002772	-5.544811
0.77	-0.002363	-4.72674
0.78	-0.002083	-4.165079
0.79	-0.001631	-3.261538
0.8	-0.001332	-2.663248
0.81	-0.000876	-1.751593
0.82	-0.000559	-1.117259
0.83	-9.197965E-5	-0.183959
0.84	0.000222	0.44352
0.85	0.000682	1.363855
0.86	0.000959	1.918744
0.87	0.001397	2.794628
0.88	0.001666	3.331868
0.89	0.002026	4.052259
0.9	0.002264	4.528449
0.91	0.002606	5.21221
0.92	0.002832	5.66398
0.93	0.003137	6.274481
0.94	0.003357	6.714042
0.95	0.003662	7.324542
0.96	0.003858	7.715263
0.97	0.004175	8.350183
0.98	0.004383	8.765324
0.99	0.004706	9.412454
1	0.004926	9.852015
1.01	0.005237	10.474725
1.02	0.005457	10.914286
1.03	0.005799	11.598046
1.04	0.006019	12.037607
1.05	0.006361	12.721368
1.06	0.00666	13.319658
1.07	0.006953	13.905739
1.08	0.007197	14.394139
1.09	0.007563	15.12674
1.1	0.007808	15.61514
1.11	0.008186	16.372161
1.12	0.008424	16.848352
1.13	0.008821	17.642002
1.14	0.009145	18.289133
1.15	0.009486	18.972894
1.16	0.009743	19.485714
1.17	0.010158	20.315995
1.18	0.010439	20.877656
1.19	0.010768	21.536996
1.2	0.011348	22.695971
1.21	0.011775	23.550672
1.22	0.012081	24.161172
1.23	0.012508	25.015873
1.24	0.012813	25.626374
1.25	0.013241	26.481074
1.26	0.013546	27.091575
1.27	0.014034	28.068376
1.28	0.014339	28.678877
1.29	0.014828	29.655678
1.3	0.015133	30.266178
1.31	0.015621	31.242979
1.32	0.015927	31.85348
1.33	0.016415	32.830281
1.34	0.016781	33.562882
1.35	0.01727	34.539683
1.36	0.017575	35.150183
1.37	0.018125	36.249084
1.38	0.01843	36.859585
1.39	0.018918	37.836386
1.4	0.019284	38.568987
1.41	0.019834	39.667888
1.42	0.020139	40.278388
1.43	0.020689	41.377289
1.44	0.021055	42.10989
1.45	0.021604	43.208791
1.46	0.02191	43.819292
1.47	0.022459	44.918193
1.48	0.022825	45.650794
1.49	0.023375	46.749695
1.5	0.023741	47.482295
1.51	0.024291	48.581197
1.52	0.024718	49.435897
1.53	0.025267	50.534799
1.54	0.025634	51.267399
1.55	0.026183	52.3663
1.56	0.026122	52.2442
1.57	0.026977	53.953602
1.58	0.026977	53.953602
1.59	0.026916	53.831502
1.6	0.026916	53.831502
1.61	0.026977	53.953602
1.62	0.026916	53.831502
1.63	0.026855	53.709402
1.64	0.026916	53.831502
1.65	0.026916	53.831502
1.66	0.026855	53.709402
1.67	0.026916	53.831502
1.68	0.026916	53.831502
1.69	0.026855	53.709402
1.7	0.026855	53.709402
1.71	0.026855	53.709402
1.72	0.026855	53.709402
1.73	0.026855	53.709402
1.74	0.026855	53.709402
1.75	0.026855	53.709402
1.76	0.026855	53.709402
1.77	0.026855	53.709402
1.78	0.026855	53.709402
1.79	0.026794	53.587302
1.8	0.026855	53.709402
1.81	0.026794	53.587302
1.82	0.026794	53.587302
1.83	0.026794	53.587302
1.84	0.026794	53.587302
1.85	0.026794	53.587302
1.86	0.026794	53.587302
1.87	0.026794	53.587302
1.88	0.026794	53.587302
1.89	0.026794	53.587302
1.9	0.026794	53.587302
1.91	0.026794	53.587302
1.92	0.026794	53.587302
1.93	0.026794	53.587302
1.94	0.026794	53.587302
1.95	0.026794	53.587302
1.96	0.026794	53.587302
1.97	0.026733	53.465201
1.98	0.026733	53.465201
1.99	0.026794	53.587302
