-0.01	-0.003792	-7.583883
0	-0.003792	-7.583883
0.01	-0.003792	-7.583883
0.02	-0.003786	-7.571673
0.03	-0.003786	-7.571673
0.04	-0.00378	-7.559463
0.05	-0.003774	-7.547253
0.06	-0.003774	-7.547253
0.07	-0.003768	-7.535043
0.08	-0.003768	-7.535043
0.09	-0.003761	-7.522833
0.1	-0.003755	-7.510623
0.11	-0.003755	-7.510623
0.12	-0.003749	-7.498413
0.13	-0.003743	-7.486203
0.14	-0.003737	-7.473993
0.15	-0.003731	-7.461783
0.16	-0.003731	-7.461783
0.17	-0.003719	-7.437363
0.18	-0.003713	-7.425153
0.19	-0.003706	-7.412943
0.2	-0.0037	-7.400733
0.21	-0.003694	-7.388523
0.22	-0.003688	-7.376313
0.23	-0.003676	-7.351893
0.24	-0.00367	-7.339683
0.25	-0.003658	-7.315263
0.26	-0.003652	-7.303053
0.27	-0.003639	-7.278632
0.28	-0.003627	-7.254212
0.29	-0.003609	-7.217582
0.3	-0.00359	-7.180952
0.31	-0.003572	-7.144322
0.32	-0.003554	-7.107692
0.33	-0.003523	-7.046642
0.34	-0.003505	-7.010012
0.35	-0.003468	-6.936752
0.36	-0.003438	-6.875702
0.37	-0.003389	-6.778022
0.38	-0.003346	-6.692552
0.39	-0.003285	-6.570452
0.4	-0.00323	-6.460562
0.41	-0.003139	-6.277411
0.42	-0.003072	-6.143101
0.43	-0.002949	-5.898901
0.44	-0.002858	-5.715751
0.45	-0.002699	-5.398291
0.46	-0.002577	-5.15409
0.47	-0.002376	-4.75116
0.48	-0.002217	-4.4337
0.49	-0.001954	-3.908669
0.5	-0.001771	-3.542369
0.51	-0.00146	-2.919658
0.52	-0.001228	-2.455678
0.53	-0.000877	-1.754037
0.54	-0.000614	-1.228481
0.55	-0.000161	-0.322814
0.56	0.000226	0.452076
0.57	0.000617	1.233077
0.58	0.000965	1.929744
0.59	0.001464	2.928938
0.6	0.001819	3.637118
0.61	0.002423	4.84591
0.62	0.002801	5.60293
0.63	0.0034	6.799512
0.64	0.003821	7.642002
0.65	0.004468	8.936264
0.66	0.004926	9.852015
0.67	0.005567	11.134066
0.68	0.006043	12.086447
0.69	0.006751	13.502808
0.7	0.007197	14.394139
0.71	0.007893	15.786081
0.72	0.008412	16.823932
0.73	0.009132	18.264713
0.74	0.009596	19.192674
0.75	0.010384	20.767766
0.76	0.010884	21.768987
0.77	0.011836	23.672772
0.78	0.012325	24.649573
0.79	0.013118	26.236874
0.8	0.013668	27.335775
0.81	0.014462	28.923077
0.82	0.015011	30.021978
0.83	0.015744	31.487179
0.84	0.016293	32.586081
0.85	0.017148	34.295482
0.86	0.017636	35.272283
0.87	0.018491	36.981685
0.88	0.01904	38.080586
0.89	0.019895	39.789988
0.9	0.020444	40.888889
0.91	0.021238	42.47619
0.92	0.021788	43.575092
0.93	0.022642	45.284493
0.94	0.023192	46.383394
0.95	0.023985	47.970696
0.96	0.024535	49.069597
0.97	0.025389	50.778999
0.98	0.025939	51.8779
0.99	0.025939	51.8779
1	0.026916	53.831502
1.01	0.026916	53.831502
1.02	0.026916	53.831502
1.03	0.026916	53.831502
1.04	0.026916	53.831502
1.05	0.026916	53.831502
1.06	0.026916	53.831502
1.07	0.026916	53.831502
1.08	0.026855	53.709402
1.09	0.026855	53.709402
1.1	0.026855	53.709402
1.11	0.026855	53.709402
1.12	0.026855	53.709402
1.13	0.026855	53.709402
1.14	0.026855	53.709402
1.15	0.026855	53.709402
1.16	0.026855	53.709402
1.17	0.026794	53.587302
1.18	0.026794	53.587302
1.19	0.026794	53.587302
1.2	0.026794	53.587302
1.21	0.026794	53.587302
1.22	0.026794	53.587302
1.23	0.026794	53.587302
1.24	0.026794	53.587302
1.25	0.026794	53.587302
1.26	0.026733	53.465201
1.27	0.026794	53.587302
1.28	0.026794	53.587302
1.29	0.026794	53.587302
1.3	0.026733	53.465201
1.31	0.026733	53.465201
1.32	0.026733	53.465201
1.33	0.026733	53.465201
1.34	0.026733	53.465201
1.35	0.026733	53.465201
1.36	0.026733	53.465201
1.37	0.026733	53.465201
1.38	0.026733	53.465201
1.39	0.026733	53.465201
1.4	0.026733	53.465201
1.41	0.026733	53.465201
1.42	0.026733	53.465201
1.43	0.026733	53.465201
1.44	0.026733	53.465201
1.45	0.026733	53.465201
1.46	0.026733	53.465201
1.47	0.026733	53.465201
1.48	0.026733	53.465201
1.49	0.026733	53.465201
1.5	0.026733	53.465201
1.51	0.026672	53.343101
1.52	0.026733	53.465201
1.53	0.026672	53.343101
1.54	0.026672	53.343101
1.55	0.026672	53.343101
1.56	0.026672	53.343101
1.57	0.026672	53.343101
1.58	0.026733	53.465201
1.59	0.026672	53.343101
1.6	0.026672	53.343101
1.61	0.026672	53.343101
1.62	0.026672	53.343101
1.63	0.026672	53.343101
1.64	0.026672	53.343101
1.65	0.026672	53.343101
1.66	0.026672	53.343101
1.67	0.026672	53.343101
1.68	0.026672	53.343101
1.69	0.026672	53.343101
1.7	0.026672	53.343101
1.71	0.026672	53.343101
1.72	0.026672	53.343101
1.73	0.026611	53.221001
1.74	0.026672	53.343101
1.75	0.026611	53.221001
1.76	0.026672	53.343101
1.77	0.026672	53.343101
1.78	0.026611	53.221001
1.79	0.026672	53.343101
1.8	0.026611	53.221001
1.81	0.026611	53.221001
1.82	0.026611	53.221001
1.83	0.026611	53.221001
1.84	0.026611	53.221001
1.85	0.026611	53.221001
1.86	0.026611	53.221001
1.87	0.026611	53.221001
1.88	0.026611	53.221001
1.89	0.026611	53.221001
1.9	0.026611	53.221001
1.91	0.026611	53.221001
1.92	0.026611	53.221001
1.93	0.026611	53.221001
1.94	0.026611	53.221001
1.95	0.026611	53.221001
1.96	0.026611	53.221001
1.97	0.026611	53.221001
1.98	0.026611	53.221001
1.99	0.026611	53.221001
