-0.01	-0.005098	-10.196825
0	-0.005098	-10.196825
0.01	-0.005092	-10.184615
0.02	-0.005092	-10.184615
0.03	-0.005086	-10.172405
0.04	-0.005086	-10.172405
0.05	-0.00508	-10.160195
0.06	-0.00508	-10.160195
0.07	-0.005068	-10.135775
0.08	-0.005068	-10.135775
0.09	-0.005062	-10.123565
0.1	-0.005056	-10.111355
0.11	-0.005056	-10.111355
0.12	-0.00505	-10.099145
0.13	-0.005043	-10.086935
0.14	-0.005037	-10.074725
0.15	-0.005031	-10.062515
0.16	-0.005025	-10.050305
0.17	-0.005019	-10.038095
0.18	-0.005013	-10.025885
0.19	-0.005007	-10.013675
0.2	-0.005001	-10.001465
0.21	-0.004989	-9.977045
0.22	-0.004982	-9.964835
0.23	-0.004976	-9.952625
0.24	-0.004964	-9.928205
0.25	-0.004952	-9.903785
0.26	-0.004946	-9.891575
0.27	-0.004934	-9.867155
0.28	-0.004921	-9.842735
0.29	-0.004903	-9.806105
0.3	-0.004891	-9.781685
0.31	-0.004873	-9.745055
0.32	-0.00486	-9.720635
0.33	-0.004836	-9.671795
0.34	-0.004818	-9.635165
0.35	-0.004787	-9.574115
0.36	-0.004769	-9.537485
0.37	-0.004726	-9.452015
0.38	-0.004702	-9.403175
0.39	-0.004653	-9.305495
0.4	-0.00461	-9.220024
0.41	-0.004543	-9.085714
0.42	-0.004494	-8.988034
0.43	-0.004409	-8.817094
0.44	-0.004335	-8.670574
0.45	-0.004225	-8.450794
0.46	-0.004134	-8.267643
0.47	-0.003981	-7.962393
0.48	-0.003859	-7.718193
0.49	-0.003664	-7.327473
0.5	-0.003511	-7.022222
0.51	-0.003261	-6.521612
0.52	-0.003072	-6.143101
0.53	-0.002766	-5.532601
0.54	-0.00254	-5.08083
0.55	-0.002168	-4.33602
0.56	-0.001832	-3.664469
0.57	-0.001478	-2.956288
0.58	-0.001179	-2.357998
0.59	-0.000697	-1.393481
0.6	-0.000362	-0.723703
0.61	0.000164	0.327409
0.62	0.000552	1.103521
0.63	0.001135	2.269597
0.64	0.001507	3.014408
0.65	0.00216	4.320879
0.66	0.002594	5.18779
0.67	0.003229	6.457631
0.68	0.003687	7.373382
0.69	0.004377	8.753114
0.7	0.004841	9.681074
0.71	0.005549	11.097436
0.72	0.006031	12.062027
0.73	0.00677	13.539438
0.74	0.007276	14.552869
0.75	0.008033	16.066911
0.76	0.00854	17.080342
0.77	0.009316	18.631013
0.78	0.009834	19.668864
0.79	0.010628	21.256166
0.8	0.011348	22.695971
0.81	0.012142	24.283272
0.82	0.012691	25.382173
0.83	0.013546	27.091575
0.84	0.014034	28.068376
0.85	0.014889	29.777778
0.86	0.015438	30.876679
0.87	0.016293	32.586081
0.88	0.016842	33.684982
0.89	0.017697	35.394383
0.9	0.018247	36.493284
0.91	0.019101	38.202686
0.92	0.019712	39.423687
0.93	0.020567	41.133089
0.94	0.021116	42.23199
0.95	0.021971	43.941392
0.96	0.02252	45.040293
0.97	0.023375	46.749695
0.98	0.023985	47.970696
0.99	0.024901	49.802198
1	0.025451	50.901099
1.01	0.025756	51.5116
1.02	0.026122	52.2442
1.03	0.026855	53.709402
1.04	0.026855	53.709402
1.05	0.026855	53.709402
1.06	0.026855	53.709402
1.07	0.026855	53.709402
1.08	0.026794	53.587302
1.09	0.026794	53.587302
1.1	0.026794	53.587302
1.11	0.026794	53.587302
1.12	0.026794	53.587302
1.13	0.026733	53.465201
1.14	0.026794	53.587302
1.15	0.026733	53.465201
1.16	0.026733	53.465201
1.17	0.026733	53.465201
1.18	0.026733	53.465201
1.19	0.026733	53.465201
1.2	0.026733	53.465201
1.21	0.026733	53.465201
1.22	0.026733	53.465201
1.23	0.026733	53.465201
1.24	0.026733	53.465201
1.25	0.026733	53.465201
1.26	0.026672	53.343101
1.27	0.026733	53.465201
1.28	0.026733	53.465201
1.29	0.026672	53.343101
1.3	0.026672	53.343101
1.31	0.026672	53.343101
1.32	0.026672	53.343101
1.33	0.026672	53.343101
1.34	0.026672	53.343101
1.35	0.026672	53.343101
1.36	0.026672	53.343101
1.37	0.026672	53.343101
1.38	0.026672	53.343101
1.39	0.026611	53.221001
1.4	0.026611	53.221001
1.41	0.026672	53.343101
1.42	0.026672	53.343101
1.43	0.026672	53.343101
1.44	0.026611	53.221001
1.45	0.026611	53.221001
1.46	0.026672	53.343101
1.47	0.026611	53.221001
1.48	0.026611	53.221001
1.49	0.026611	53.221001
1.5	0.026611	53.221001
1.51	0.026611	53.221001
1.52	0.026611	53.221001
1.53	0.026611	53.221001
1.54	0.026611	53.221001
1.55	0.026611	53.221001
1.56	0.026611	53.221001
1.57	0.026611	53.221001
1.58	0.026611	53.221001
1.59	0.026611	53.221001
1.6	0.026611	53.221001
1.61	0.026611	53.221001
1.62	0.026611	53.221001
1.63	0.026611	53.221001
1.64	0.026611	53.221001
1.65	0.026611	53.221001
1.66	0.026549	53.098901
1.67	0.026549	53.098901
1.68	0.026549	53.098901
1.69	0.026549	53.098901
1.7	0.026549	53.098901
1.71	0.026549	53.098901
1.72	0.026549	53.098901
1.73	0.026549	53.098901
1.74	0.026549	53.098901
1.75	0.026549	53.098901
1.76	0.026549	53.098901
1.77	0.026549	53.098901
1.78	0.026549	53.098901
1.79	0.026549	53.098901
1.8	0.026549	53.098901
1.81	0.026549	53.098901
1.82	0.026549	53.098901
1.83	0.026549	53.098901
1.84	0.026549	53.098901
1.85	0.026549	53.098901
1.86	0.026549	53.098901
1.87	0.026549	53.098901
1.88	0.026549	53.098901
1.89	0.026549	53.098901
1.9	0.026549	53.098901
1.91	0.026549	53.098901
1.92	0.026549	53.098901
1.93	0.026549	53.098901
1.94	0.026488	52.976801
1.95	0.026549	53.098901
1.96	0.026549	53.098901
1.97	0.026549	53.098901
1.98	0.026549	53.098901
1.99	0.026488	52.976801
