-0.01	-7.602963E-5	-0.152059
0	-7.633519E-5	-0.15267
0.01	-7.627408E-5	-0.152548
0.02	-7.621297E-5	-0.152426
0.03	-7.609074E-5	-0.152181
0.04	-7.590741E-5	-0.151815
0.05	-7.590741E-5	-0.151815
0.06	-7.58463E-5	-0.151693
0.07	-7.602963E-5	-0.152059
0.08	-7.547963E-5	-0.150959
0.09	-7.590741E-5	-0.151815
0.1	-7.566296E-5	-0.151326
0.11	-7.547963E-5	-0.150959
0.12	-7.535741E-5	-0.150715
0.13	-7.541852E-5	-0.150837
0.14	-7.560185E-5	-0.151204
0.15	-7.541852E-5	-0.150837
0.16	-7.52963E-5	-0.150593
0.17	-7.523519E-5	-0.15047
0.18	-7.480741E-5	-0.149615
0.19	-7.492963E-5	-0.149859
0.2	-7.456296E-5	-0.149126
0.21	-7.492963E-5	-0.149859
0.22	-7.517408E-5	-0.150348
0.23	-7.444074E-5	-0.148881
0.24	-7.462407E-5	-0.149248
0.25	-7.431852E-5	-0.148637
0.26	-7.370741E-5	-0.147415
0.27	-7.370741E-5	-0.147415
0.28	-7.36463E-5	-0.147293
0.29	-7.370741E-5	-0.147415
0.3	-7.346296E-5	-0.146926
0.31	-7.334074E-5	-0.146681
0.32	-7.291296E-5	-0.145826
0.33	-7.279074E-5	-0.145581
0.34	-7.242407E-5	-0.144848
0.35	-7.236296E-5	-0.144726
0.36	-7.211852E-5	-0.144237
0.37	-7.205741E-5	-0.144115
0.38	-7.162963E-5	-0.143259
0.39	-7.156852E-5	-0.143137
0.4	-7.15074E-5	-0.143015
0.41	-7.083518E-5	-0.14167
0.42	-7.065185E-5	-0.141304
0.43	-7.059074E-5	-0.141181
0.44	-7.016296E-5	-0.140326
0.45	-6.973518E-5	-0.13947
0.46	-6.967407E-5	-0.139348
0.47	-6.918518E-5	-0.13837
0.48	-6.894074E-5	-0.137881
0.49	-6.863518E-5	-0.13727
0.5	-6.777962E-5	-0.135559
0.51	-6.71074E-5	-0.134215
0.52	-6.704629E-5	-0.134093
0.53	-6.606851E-5	-0.132137
0.54	-6.551851E-5	-0.131037
0.55	-6.447962E-5	-0.128959
0.56	-6.344073E-5	-0.126881
0.57	-6.240184E-5	-0.124804
0.58	-6.203517E-5	-0.12407
0.59	-6.044628E-5	-0.120893
0.6	-5.922406E-5	-0.118448
0.61	-5.690183E-5	-0.113804
0.62	-5.537406E-5	-0.110748
0.63	-5.152405E-5	-0.103048
0.64	-4.889627E-5	-0.097793
0.65	-4.35796E-5	-0.087159
0.66	-3.887404E-5	-0.077748
0.67	-3.001292E-5	-0.060026
0.68	-2.304625E-5	-0.046092
0.69	-9.601377E-6	-0.019203
0.7	2.724682E-6	0.005449
0.71	2.608714E-5	0.052174
0.72	4.747605E-5	0.094952
0.73	8.475386E-5	0.169508
0.74	0.000118	0.236965
0.75	0.000184	0.368965
0.76	0.000234	0.467965
0.77	0.000332	0.663521
0.78	0.000409	0.817521
0.79	0.000548	1.096188
0.8	0.000655	1.310077
0.81	0.000841	1.681633
0.82	0.000977	1.954189
0.83	0.001196	2.391697
0.84	0.001348	2.696947
0.85	0.001587	3.173138
0.86	0.001745	3.490598
0.87	0.002002	4.003419
0.88	0.00216	4.320879
0.89	0.002411	4.82149
0.9	0.002569	5.13895
0.91	0.002808	5.61514
0.92	0.002979	5.957021
0.93	0.003217	6.433211
0.94	0.003394	6.787302
0.95	0.003644	7.287912
0.96	0.003821	7.642002
0.97	0.004084	8.167033
0.98	0.004261	8.521123
0.99	0.004535	9.070574
1	0.004718	9.436874
1.01	0.004999	9.998535
1.02	0.005201	10.401465
1.03	0.0055	10.999756
1.04	0.005689	11.378266
1.05	0.006007	12.013187
1.06	0.006263	12.526007
1.07	0.006526	13.051038
1.08	0.006745	13.490598
1.09	0.007075	14.149939
1.1	0.007301	14.601709
1.11	0.007643	15.28547
1.12	0.007881	15.761661
1.13	0.008217	16.433211
1.14	0.008522	17.043712
1.15	0.008827	17.654212
1.16	0.009071	18.142613
1.17	0.009444	18.887424
1.18	0.0097	19.400244
1.19	0.010011	20.022955
1.2	0.010347	20.694505
1.21	0.010738	21.475946
1.22	0.011226	22.45177
1.23	0.011592	23.184371
1.24	0.011897	23.794872
1.25	0.012325	24.649573
1.26	0.012569	25.137973
1.27	0.013057	26.114774
1.28	0.013302	26.603175
1.29	0.013729	27.457875
1.3	0.014034	28.068376
1.31	0.014523	29.045177
1.32	0.014767	29.533578
1.33	0.015255	30.510379
1.34	0.01556	31.120879
1.35	0.015988	31.97558
1.36	0.016354	32.708181
1.37	0.016842	33.684982
1.38	0.017148	34.295482
1.39	0.017636	35.272283
1.4	0.018002	36.004884
1.41	0.01843	36.859585
1.42	0.018796	37.592186
1.43	0.019284	38.568987
1.44	0.01959	39.179487
1.45	0.020139	40.278388
1.46	0.020444	40.888889
1.47	0.020994	41.98779
1.48	0.021299	42.598291
1.49	0.021849	43.697192
1.5	0.022215	44.429792
1.51	0.022703	45.406593
1.52	0.02307	46.139194
1.53	0.023619	47.238095
1.54	0.023985	47.970696
1.55	0.024535	49.069597
1.56	0.025023	50.046398
1.57	0.025451	50.901099
1.58	0.025817	51.6337
1.59	0.026366	52.732601
1.6	0.026122	52.2442
1.61	0.026611	53.221001
1.62	0.027282	54.564103
1.63	0.027282	54.564103
1.64	0.027282	54.564103
1.65	0.027282	54.564103
1.66	0.027282	54.564103
1.67	0.027221	54.442002
1.68	0.027282	54.564103
1.69	0.027282	54.564103
1.7	0.027221	54.442002
1.71	0.027221	54.442002
1.72	0.027221	54.442002
1.73	0.027221	54.442002
1.74	0.027221	54.442002
1.75	0.027221	54.442002
1.76	0.027221	54.442002
1.77	0.027221	54.442002
1.78	0.027221	54.442002
1.79	0.027221	54.442002
1.8	0.027221	54.442002
1.81	0.027221	54.442002
1.82	0.02716	54.319902
1.83	0.02716	54.319902
1.84	0.02716	54.319902
1.85	0.02716	54.319902
1.86	0.02716	54.319902
1.87	0.02716	54.319902
1.88	0.02716	54.319902
1.89	0.02716	54.319902
1.9	0.02716	54.319902
1.91	0.02716	54.319902
1.92	0.027099	54.197802
1.93	0.02716	54.319902
1.94	0.027099	54.197802
1.95	0.02716	54.319902
1.96	0.027099	54.197802
1.97	0.027099	54.197802
1.98	0.027099	54.197802
1.99	0.02716	54.319902
