-0.01	-0.000795	-1.590259
0	-0.000795	-1.589037
0.01	-0.000794	-1.587815
0.02	-0.000794	-1.587815
0.03	-0.000793	-1.58537
0.04	-0.000792	-1.584148
0.05	-0.000791	-1.582926
0.06	-0.00079	-1.580482
0.07	-0.00079	-1.580482
0.08	-0.000789	-1.578037
0.09	-0.000788	-1.576815
0.1	-0.000788	-1.576815
0.11	-0.000787	-1.573148
0.12	-0.000786	-1.571926
0.13	-0.000785	-1.570704
0.14	-0.000784	-1.568259
0.15	-0.000784	-1.567037
0.16	-0.000781	-1.562148
0.17	-0.00078	-1.559704
0.18	-0.000779	-1.557259
0.19	-0.000779	-1.557259
0.2	-0.000777	-1.553593
0.21	-0.000776	-1.55237
0.22	-0.000774	-1.548704
0.23	-0.000773	-1.546259
0.24	-0.000772	-1.543815
0.25	-0.00077	-1.540148
0.26	-0.000768	-1.536482
0.27	-0.000766	-1.532815
0.28	-0.000765	-1.529148
0.29	-0.000763	-1.526704
0.3	-0.000762	-1.524259
0.31	-0.000759	-1.518148
0.32	-0.000758	-1.515704
0.33	-0.000755	-1.509593
0.34	-0.000752	-1.504704
0.35	-0.000749	-1.498593
0.36	-0.000747	-1.494926
0.37	-0.000744	-1.487593
0.38	-0.000741	-1.481481
0.39	-0.000736	-1.471704
0.4	-0.000732	-1.463148
0.41	-0.000726	-1.452148
0.42	-0.000722	-1.443593
0.43	-0.000714	-1.427704
0.44	-0.000707	-1.414259
0.45	-0.000696	-1.391037
0.46	-0.000687	-1.373926
0.47	-0.000673	-1.345815
0.48	-0.00066	-1.320148
0.49	-0.000636	-1.271259
0.5	-0.000618	-1.235815
0.51	-0.000586	-1.172259
0.52	-0.00056	-1.120926
0.53	-0.000512	-1.023148
0.54	-0.000473	-0.946148
0.55	-0.000403	-0.806814
0.56	-0.000333	-0.666258
0.57	-0.000247	-0.493925
0.58	-0.00017	-0.339925
0.59	-3.392403E-5	-0.067848
0.6	7.632052E-5	0.152641
0.61	0.00026	0.519298
0.62	0.00041	0.819965
0.63	0.000652	1.303966
0.64	0.000851	1.701188
0.65	0.001159	2.318437
0.66	0.001397	2.794628
0.67	0.001776	3.551648
0.68	0.002069	4.137729
0.69	0.002527	5.05348
0.7	0.00285	5.700611
0.71	0.003351	6.701832
0.72	0.003736	7.471062
0.73	0.004297	8.594383
0.74	0.004688	9.375824
0.75	0.005341	10.682295
0.76	0.005744	11.488156
0.77	0.006416	12.831258
0.78	0.006867	13.734799
0.79	0.007576	15.15116
0.8	0.00804	16.079121
0.81	0.00879	17.580952
0.82	0.009267	18.533333
0.83	0.010005	20.010745
0.84	0.010543	21.085226
0.85	0.01147	22.940171
0.86	0.01202	24.039072
0.87	0.012813	25.626374
0.88	0.013363	26.725275
0.89	0.014217	28.434676
0.9	0.014767	29.533578
0.91	0.01556	31.120879
0.92	0.01611	32.21978
0.93	0.016965	33.929182
0.94	0.017514	35.028083
0.95	0.01843	36.859585
0.96	0.018918	37.836386
0.97	0.019834	39.667888
0.98	0.020383	40.766789
0.99	0.021238	42.47619
1	0.021788	43.575092
1.01	0.022642	45.284493
1.02	0.023192	46.383394
1.03	0.024107	48.214896
1.04	0.024718	49.435897
1.05	0.025573	51.145299
1.06	0.026305	52.610501
1.07	0.026122	52.2442
1.08	0.027221	54.442002
1.09	0.027221	54.442002
1.1	0.027221	54.442002
1.11	0.027221	54.442002
1.12	0.02716	54.319902
1.13	0.027221	54.442002
1.14	0.02716	54.319902
1.15	0.027221	54.442002
1.16	0.02716	54.319902
1.17	0.02716	54.319902
1.18	0.02716	54.319902
1.19	0.02716	54.319902
1.2	0.02716	54.319902
1.21	0.02716	54.319902
1.22	0.027099	54.197802
1.23	0.027099	54.197802
1.24	0.02716	54.319902
1.25	0.027099	54.197802
1.26	0.027099	54.197802
1.27	0.027099	54.197802
1.28	0.027099	54.197802
1.29	0.027099	54.197802
1.3	0.027099	54.197802
1.31	0.027099	54.197802
1.32	0.027038	54.075702
1.33	0.027038	54.075702
1.34	0.027099	54.197802
1.35	0.027038	54.075702
1.36	0.027038	54.075702
1.37	0.027038	54.075702
1.38	0.027038	54.075702
1.39	0.027038	54.075702
1.4	0.027038	54.075702
1.41	0.026977	53.953602
1.42	0.027038	54.075702
1.43	0.027038	54.075702
1.44	0.027038	54.075702
1.45	0.026977	53.953602
1.46	0.027038	54.075702
1.47	0.027038	54.075702
1.48	0.027038	54.075702
1.49	0.026977	53.953602
1.5	0.026977	53.953602
1.51	0.026977	53.953602
1.52	0.026977	53.953602
1.53	0.026977	53.953602
1.54	0.026977	53.953602
1.55	0.026977	53.953602
1.56	0.026977	53.953602
1.57	0.026977	53.953602
1.58	0.026977	53.953602
1.59	0.026977	53.953602
1.6	0.026977	53.953602
1.61	0.026977	53.953602
1.62	0.026977	53.953602
1.63	0.026977	53.953602
1.64	0.026977	53.953602
1.65	0.026916	53.831502
1.66	0.026977	53.953602
1.67	0.026916	53.831502
1.68	0.026977	53.953602
1.69	0.026916	53.831502
1.7	0.026916	53.831502
1.71	0.026916	53.831502
1.72	0.026916	53.831502
1.73	0.026916	53.831502
1.74	0.026916	53.831502
1.75	0.026916	53.831502
1.76	0.026916	53.831502
1.77	0.026916	53.831502
1.78	0.026916	53.831502
1.79	0.026916	53.831502
1.8	0.026916	53.831502
1.81	0.026916	53.831502
1.82	0.026916	53.831502
1.83	0.026916	53.831502
1.84	0.026916	53.831502
1.85	0.026916	53.831502
1.86	0.026916	53.831502
1.87	0.026855	53.709402
1.88	0.026916	53.831502
1.89	0.026855	53.709402
1.9	0.026855	53.709402
1.91	0.026855	53.709402
1.92	0.026855	53.709402
1.93	0.026855	53.709402
1.94	0.026855	53.709402
1.95	0.026855	53.709402
1.96	0.026916	53.831502
1.97	0.026855	53.709402
1.98	0.026855	53.709402
1.99	0.026855	53.709402
