-0.01	-0.001576	-3.151648
0	-0.001582	-3.163858
0.01	-0.001576	-3.151648
0.02	-0.001576	-3.151648
0.03	-0.001576	-3.151648
0.04	-0.001576	-3.151648
0.05	-0.001576	-3.151648
0.06	-0.001576	-3.151648
0.07	-0.001576	-3.151648
0.08	-0.001576	-3.151648
0.09	-0.001576	-3.151648
0.1	-0.00157	-3.139438
0.11	-0.00157	-3.139438
0.12	-0.00157	-3.139438
0.13	-0.00157	-3.139438
0.14	-0.001564	-3.127228
0.15	-0.001564	-3.127228
0.16	-0.001564	-3.127228
0.17	-0.001564	-3.127228
0.18	-0.001558	-3.115018
0.19	-0.001558	-3.115018
0.2	-0.001551	-3.102808
0.21	-0.001551	-3.102808
0.22	-0.001551	-3.102808
0.23	-0.001551	-3.102808
0.24	-0.001545	-3.090598
0.25	-0.001545	-3.090598
0.26	-0.001545	-3.090598
0.27	-0.001545	-3.090598
0.28	-0.001539	-3.078388
0.29	-0.001533	-3.066178
0.3	-0.001533	-3.066178
0.31	-0.001527	-3.053968
0.32	-0.001527	-3.053968
0.33	-0.001521	-3.041758
0.34	-0.001521	-3.041758
0.35	-0.001515	-3.029548
0.36	-0.001509	-3.017338
0.37	-0.001503	-3.005128
0.38	-0.001503	-3.005128
0.39	-0.00149	-2.980708
0.4	-0.001484	-2.968498
0.41	-0.001478	-2.956288
0.42	-0.001472	-2.944078
0.43	-0.00146	-2.919658
0.44	-0.001448	-2.895238
0.45	-0.001435	-2.870818
0.46	-0.001423	-2.846398
0.47	-0.001399	-2.797558
0.48	-0.00138	-2.760928
0.49	-0.00135	-2.699878
0.5	-0.001326	-2.651038
0.51	-0.001283	-2.565568
0.52	-0.001246	-2.492308
0.53	-0.001185	-2.370208
0.54	-0.001136	-2.272527
0.55	-0.001045	-2.089377
0.56	-0.00097	-1.939815
0.57	-0.000866	-1.732037
0.58	-0.000769	-1.538926
0.59	-0.000598	-1.196703
0.6	-0.000466	-0.932703
0.61	-0.000238	-0.475592
0.62	-7.58463E-5	-0.151693
0.63	0.000213	0.426409
0.64	0.000426	0.851743
0.65	0.000791	1.58141
0.66	0.001057	2.1143
0.67	0.001464	2.928938
0.68	0.001764	3.527228
0.69	0.00227	4.540659
0.7	0.002612	5.22442
0.71	0.003156	6.311111
0.72	0.003546	7.092552
0.73	0.004145	8.289133
0.74	0.004554	9.107204
0.75	0.005207	10.413675
0.76	0.00564	11.280586
0.77	0.006312	12.623687
0.78	0.006794	13.588278
0.79	0.007502	15.00464
0.8	0.007972	15.944811
0.81	0.008742	17.483272
0.82	0.009236	18.472283
0.83	0.009981	19.961905
0.84	0.010518	21.036386
0.85	0.01147	22.940171
0.86	0.01202	24.039072
0.87	0.012813	25.626374
0.88	0.013363	26.725275
0.89	0.014217	28.434676
0.9	0.014767	29.533578
0.91	0.01556	31.120879
0.92	0.01611	32.21978
0.93	0.017026	34.051282
0.94	0.017575	35.150183
0.95	0.01843	36.859585
0.96	0.018979	37.958486
0.97	0.019834	39.667888
0.98	0.020383	40.766789
0.99	0.021238	42.47619
1	0.021849	43.697192
1.01	0.022703	45.406593
1.02	0.023314	46.627595
1.03	0.024168	48.336996
1.04	0.024779	49.557998
1.05	0.025634	51.267399
1.06	0.026366	52.732601
1.07	0.026305	52.610501
1.08	0.02716	54.319902
1.09	0.02716	54.319902
1.1	0.027099	54.197802
1.11	0.027099	54.197802
1.12	0.027099	54.197802
1.13	0.027099	54.197802
1.14	0.027099	54.197802
1.15	0.027099	54.197802
1.16	0.027099	54.197802
1.17	0.027099	54.197802
1.18	0.027038	54.075702
1.19	0.027038	54.075702
1.2	0.027038	54.075702
1.21	0.027038	54.075702
1.22	0.027038	54.075702
1.23	0.027038	54.075702
1.24	0.027038	54.075702
1.25	0.027038	54.075702
1.26	0.027038	54.075702
1.27	0.027038	54.075702
1.28	0.026977	53.953602
1.29	0.026977	53.953602
1.3	0.026977	53.953602
1.31	0.027038	54.075702
1.32	0.026977	53.953602
1.33	0.026977	53.953602
1.34	0.027038	54.075702
1.35	0.026977	53.953602
1.36	0.026977	53.953602
1.37	0.026977	53.953602
1.38	0.026977	53.953602
1.39	0.026977	53.953602
1.4	0.026977	53.953602
1.41	0.026977	53.953602
1.42	0.026916	53.831502
1.43	0.026977	53.953602
1.44	0.026977	53.953602
1.45	0.026916	53.831502
1.46	0.026916	53.831502
1.47	0.026916	53.831502
1.48	0.026916	53.831502
1.49	0.026916	53.831502
1.5	0.026916	53.831502
1.51	0.026916	53.831502
1.52	0.026916	53.831502
1.53	0.026916	53.831502
1.54	0.026916	53.831502
1.55	0.026916	53.831502
1.56	0.026916	53.831502
1.57	0.026916	53.831502
1.58	0.026916	53.831502
1.59	0.026916	53.831502
1.6	0.026916	53.831502
1.61	0.026855	53.709402
1.62	0.026855	53.709402
1.63	0.026916	53.831502
1.64	0.026855	53.709402
1.65	0.026855	53.709402
1.66	0.026916	53.831502
1.67	0.026855	53.709402
1.68	0.026855	53.709402
1.69	0.026855	53.709402
1.7	0.026855	53.709402
1.71	0.026855	53.709402
1.72	0.026855	53.709402
1.73	0.026855	53.709402
1.74	0.026855	53.709402
1.75	0.026855	53.709402
1.76	0.026855	53.709402
1.77	0.026855	53.709402
1.78	0.026794	53.587302
1.79	0.026794	53.587302
1.8	0.026855	53.709402
1.81	0.026855	53.709402
1.82	0.026855	53.709402
1.83	0.026794	53.587302
1.84	0.026855	53.709402
1.85	0.026855	53.709402
1.86	0.026794	53.587302
1.87	0.026794	53.587302
1.88	0.026855	53.709402
1.89	0.026794	53.587302
1.9	0.026794	53.587302
1.91	0.026794	53.587302
1.92	0.026794	53.587302
1.93	0.026794	53.587302
1.94	0.026794	53.587302
1.95	0.026794	53.587302
1.96	0.026794	53.587302
1.97	0.026794	53.587302
1.98	0.026794	53.587302
1.99	0.026794	53.587302
