-0.01	-0.005672	-11.344567
0	-0.005678	-11.356777
0.01	-0.005678	-11.356777
0.02	-0.005672	-11.344567
0.03	-0.005672	-11.344567
0.04	-0.005672	-11.344567
0.05	-0.005666	-11.332357
0.06	-0.005666	-11.332357
0.07	-0.00566	-11.320147
0.08	-0.00566	-11.320147
0.09	-0.00566	-11.320147
0.1	-0.005654	-11.307937
0.11	-0.005654	-11.307937
0.12	-0.005654	-11.307937
0.13	-0.005648	-11.295726
0.14	-0.005648	-11.295726
0.15	-0.005642	-11.283516
0.16	-0.005642	-11.283516
0.17	-0.005636	-11.271306
0.18	-0.005636	-11.271306
0.19	-0.00563	-11.259096
0.2	-0.005623	-11.246886
0.21	-0.005623	-11.246886
0.22	-0.005617	-11.234676
0.23	-0.005611	-11.222466
0.24	-0.005605	-11.210256
0.25	-0.005605	-11.210256
0.26	-0.005599	-11.198046
0.27	-0.005593	-11.185836
0.28	-0.005587	-11.173626
0.29	-0.005581	-11.161416
0.3	-0.005575	-11.149206
0.31	-0.005568	-11.136996
0.32	-0.005568	-11.136996
0.33	-0.005556	-11.112576
0.34	-0.00555	-11.100366
0.35	-0.005544	-11.088156
0.36	-0.005532	-11.063736
0.37	-0.005526	-11.051526
0.38	-0.00552	-11.039316
0.39	-0.005507	-11.014896
0.4	-0.005501	-11.002686
0.41	-0.005489	-10.978266
0.42	-0.005483	-10.966056
0.43	-0.005471	-10.941636
0.44	-0.005459	-10.917216
0.45	-0.005446	-10.892796
0.46	-0.005434	-10.868376
0.47	-0.005422	-10.843956
0.48	-0.00541	-10.819536
0.49	-0.005391	-10.782906
0.5	-0.005379	-10.758486
0.51	-0.005361	-10.721856
0.52	-0.005349	-10.697436
0.53	-0.005324	-10.648596
0.54	-0.005312	-10.624176
0.55	-0.005288	-10.575336
0.56	-0.005269	-10.538706
0.57	-0.005245	-10.489866
0.58	-0.005227	-10.453236
0.59	-0.005196	-10.392186
0.6	-0.005172	-10.343346
0.61	-0.005129	-10.257875
0.62	-0.005098	-10.196825
0.63	-0.005043	-10.086935
0.64	-0.005007	-10.013675
0.65	-0.004934	-9.867155
0.66	-0.004885	-9.769475
0.67	-0.004787	-9.574115
0.68	-0.004708	-9.415385
0.69	-0.004561	-9.122344
0.7	-0.004451	-8.902564
0.71	-0.004262	-8.524054
0.72	-0.004116	-8.231013
0.73	-0.003853	-7.705983
0.74	-0.003652	-7.303053
0.75	-0.003328	-6.655922
0.76	-0.003084	-6.167521
0.77	-0.002705	-5.410501
0.78	-0.002424	-4.84884
0.79	-0.002028	-4.055189
0.8	-0.001741	-3.481319
0.81	-0.001295	-2.589988
0.82	-0.001008	-2.016117
0.83	-0.00059	-1.179592
0.84	-0.000314	-0.627147
0.85	6.782607E-5	0.135652
0.86	0.000329	0.658632
0.87	0.000674	1.347966
0.88	0.000886	1.772077
0.89	0.001184	2.367277
0.9	0.001355	2.709158
0.91	0.001611	3.221978
0.92	0.001776	3.551648
0.93	0.002002	4.003419
0.94	0.002167	4.333089
0.95	0.002392	4.78486
0.96	0.002551	5.10232
0.97	0.002795	5.59072
0.98	0.00296	5.920391
0.99	0.003198	6.396581
1	0.003375	6.750672
1.01	0.003638	7.275702
1.02	0.003815	7.629792
1.03	0.00409	8.179243
1.04	0.004267	8.533333
1.05	0.004554	9.107204
1.06	0.004792	9.583394
1.07	0.005048	10.096215
1.08	0.005256	10.511355
1.09	0.005561	11.121856
1.1	0.005762	11.524786
1.11	0.006086	12.171917
1.12	0.0063	12.599267
1.13	0.006623	13.246398
1.14	0.00691	13.820269
1.15	0.007191	14.381929
1.16	0.007423	14.84591
1.17	0.007777	15.55409
1.18	0.008027	16.054701
1.19	0.00832	16.640781
1.2	0.008644	17.287912
1.21	0.009004	18.008303
1.22	0.009254	18.508913
1.23	0.009639	19.278144
1.24	0.009902	19.803175
1.25	0.010292	20.584615
1.26	0.010567	21.134066
1.27	0.01097	21.939927
1.28	0.01147	22.940171
1.29	0.011897	23.794872
1.3	0.012142	24.283272
1.31	0.012569	25.137973
1.32	0.012874	25.748474
1.33	0.013302	26.603175
1.34	0.013607	27.213675
1.35	0.014034	28.068376
1.36	0.014339	28.678877
1.37	0.014767	29.533578
1.38	0.015133	30.266178
1.39	0.01556	31.120879
1.4	0.015927	31.85348
1.41	0.016354	32.708181
1.42	0.01672	33.440781
1.43	0.017209	34.417582
1.44	0.017514	35.028083
1.45	0.018002	36.004884
1.46	0.018308	36.615385
1.47	0.018796	37.592186
1.48	0.019162	38.324786
1.49	0.019651	39.301587
1.5	0.020017	40.034188
1.51	0.020505	41.010989
1.52	0.020872	41.74359
1.53	0.021421	42.842491
1.54	0.021726	43.452991
1.55	0.022276	44.551893
1.56	0.022703	45.406593
1.57	0.023131	46.261294
1.58	0.023497	46.993895
1.59	0.024046	48.092796
1.6	0.024413	48.825397
1.61	0.024962	49.924298
1.62	0.025328	50.656899
1.63	0.025878	51.7558
1.64	0.025756	51.5116
1.65	0.026122	52.2442
1.66	0.026977	53.953602
1.67	0.026977	53.953602
1.68	0.026977	53.953602
1.69	0.026977	53.953602
1.7	0.026977	53.953602
1.71	0.026977	53.953602
1.72	0.026916	53.831502
1.73	0.026916	53.831502
1.74	0.026916	53.831502
1.75	0.026916	53.831502
1.76	0.026916	53.831502
1.77	0.026916	53.831502
1.78	0.026916	53.831502
1.79	0.026916	53.831502
1.8	0.026855	53.709402
1.81	0.026855	53.709402
1.82	0.026855	53.709402
1.83	0.026855	53.709402
1.84	0.026855	53.709402
1.85	0.026855	53.709402
1.86	0.026855	53.709402
1.87	0.026855	53.709402
1.88	0.026855	53.709402
1.89	0.026855	53.709402
1.9	0.026855	53.709402
1.91	0.026855	53.709402
1.92	0.026855	53.709402
1.93	0.026855	53.709402
1.94	0.026855	53.709402
1.95	0.026855	53.709402
1.96	0.026794	53.587302
1.97	0.026855	53.709402
1.98	0.026794	53.587302
1.99	0.026794	53.587302
