-0.01	-0.002351	-4.70232
0	-0.002351	-4.70232
0.01	-0.002345	-4.69011
0.02	-0.002345	-4.69011
0.03	-0.002345	-4.69011
0.04	-0.002339	-4.6779
0.05	-0.002339	-4.6779
0.06	-0.002333	-4.66569
0.07	-0.002333	-4.66569
0.08	-0.002327	-4.65348
0.09	-0.002327	-4.65348
0.1	-0.002321	-4.64127
0.11	-0.002315	-4.62906
0.12	-0.002315	-4.62906
0.13	-0.002308	-4.61685
0.14	-0.002308	-4.61685
0.15	-0.002296	-4.59243
0.16	-0.002296	-4.59243
0.17	-0.00229	-4.58022
0.18	-0.002284	-4.56801
0.19	-0.002278	-4.5558
0.2	-0.002272	-4.54359
0.21	-0.002266	-4.53138
0.22	-0.00226	-4.51917
0.23	-0.002247	-4.49475
0.24	-0.002241	-4.48254
0.25	-0.002229	-4.45812
0.26	-0.002223	-4.44591
0.27	-0.002205	-4.40928
0.28	-0.002199	-4.39707
0.29	-0.002174	-4.34823
0.3	-0.002162	-4.32381
0.31	-0.002137	-4.274969
0.32	-0.002113	-4.226129
0.33	-0.002083	-4.165079
0.34	-0.002058	-4.116239
0.35	-0.002015	-4.030769
0.36	-0.001979	-3.957509
0.37	-0.001918	-3.835409
0.38	-0.001869	-3.737729
0.39	-0.001783	-3.566789
0.4	-0.001716	-3.432479
0.41	-0.0016	-3.200488
0.42	-0.001515	-3.029548
0.43	-0.001362	-2.724298
0.44	-0.001246	-2.492308
0.45	-0.001051	-2.101587
0.46	-0.000914	-1.828593
0.47	-0.000666	-1.331148
0.48	-0.000476	-0.952259
0.49	-0.000163	-0.325258
0.5	5.248716E-5	0.104974
0.51	0.000411	0.821187
0.52	0.000669	1.338188
0.53	0.001097	2.193744
0.54	0.001379	2.757998
0.55	0.001867	3.734799
0.56	0.00227	4.540659
0.57	0.00271	5.41978
0.58	0.00307	6.140171
0.59	0.00362	7.239072
0.6	0.003992	7.983883
0.61	0.004609	9.217094
0.62	0.005018	10.035165
0.63	0.00564	11.280586
0.64	0.006074	12.147497
0.65	0.006721	13.441758
0.66	0.00716	14.320879
0.67	0.007814	15.62735
0.68	0.008314	16.628571
0.69	0.008998	17.996093
0.7	0.009456	18.911844
0.71	0.010189	20.377045
0.72	0.010659	21.317216
0.73	0.011592	23.184371
0.74	0.012081	24.161172
0.75	0.012813	25.626374
0.76	0.013363	26.725275
0.77	0.014095	28.190476
0.78	0.014584	29.167277
0.79	0.015377	30.754579
0.8	0.015927	31.85348
0.81	0.016659	33.318681
0.82	0.017209	34.417582
0.83	0.018002	36.004884
0.84	0.018552	37.103785
0.85	0.019284	38.568987
0.86	0.019834	39.667888
0.87	0.020689	41.377289
0.88	0.021177	42.35409
0.89	0.021971	43.941392
0.9	0.02252	45.040293
0.91	0.023314	46.627595
0.92	0.023863	47.726496
0.93	0.024718	49.435897
0.94	0.025267	50.534799
0.95	0.026061	52.1221
0.96	0.025939	51.8779
0.97	0.027038	54.075702
0.98	0.027038	54.075702
0.99	0.027038	54.075702
1	0.027038	54.075702
1.01	0.027038	54.075702
1.02	0.027038	54.075702
1.03	0.027038	54.075702
1.04	0.027038	54.075702
1.05	0.026977	53.953602
1.06	0.027038	54.075702
1.07	0.026977	53.953602
1.08	0.026977	53.953602
1.09	0.026977	53.953602
1.1	0.026977	53.953602
1.11	0.026977	53.953602
1.12	0.026977	53.953602
1.13	0.026977	53.953602
1.14	0.026977	53.953602
1.15	0.026916	53.831502
1.16	0.026977	53.953602
1.17	0.026916	53.831502
1.18	0.026916	53.831502
1.19	0.026916	53.831502
1.2	0.026916	53.831502
1.21	0.026916	53.831502
1.22	0.026916	53.831502
1.23	0.026916	53.831502
1.24	0.026916	53.831502
1.25	0.026916	53.831502
1.26	0.026916	53.831502
1.27	0.026916	53.831502
1.28	0.026916	53.831502
1.29	0.026855	53.709402
1.3	0.026855	53.709402
1.31	0.026855	53.709402
1.32	0.026916	53.831502
1.33	0.026855	53.709402
1.34	0.026855	53.709402
1.35	0.026916	53.831502
1.36	0.026855	53.709402
1.37	0.026855	53.709402
1.38	0.026855	53.709402
1.39	0.026855	53.709402
1.4	0.026855	53.709402
1.41	0.026855	53.709402
1.42	0.026855	53.709402
1.43	0.026855	53.709402
1.44	0.026855	53.709402
1.45	0.026855	53.709402
1.46	0.026855	53.709402
1.47	0.026794	53.587302
1.48	0.026794	53.587302
1.49	0.026794	53.587302
1.5	0.026855	53.709402
1.51	0.026794	53.587302
1.52	0.026794	53.587302
1.53	0.026794	53.587302
1.54	0.026794	53.587302
1.55	0.026794	53.587302
1.56	0.026794	53.587302
1.57	0.026794	53.587302
1.58	0.026794	53.587302
1.59	0.026794	53.587302
1.6	0.026794	53.587302
1.61	0.026794	53.587302
1.62	0.026794	53.587302
1.63	0.026794	53.587302
1.64	0.026794	53.587302
1.65	0.026794	53.587302
1.66	0.026794	53.587302
1.67	0.026733	53.465201
1.68	0.026794	53.587302
1.69	0.026794	53.587302
1.7	0.026794	53.587302
1.71	0.026794	53.587302
1.72	0.026733	53.465201
1.73	0.026733	53.465201
1.74	0.026794	53.587302
1.75	0.026794	53.587302
1.76	0.026733	53.465201
1.77	0.026733	53.465201
1.78	0.026733	53.465201
1.79	0.026733	53.465201
1.8	0.026733	53.465201
1.81	0.026733	53.465201
1.82	0.026733	53.465201
1.83	0.026733	53.465201
1.84	0.026733	53.465201
1.85	0.026733	53.465201
1.86	0.026733	53.465201
1.87	0.026733	53.465201
1.88	0.026733	53.465201
1.89	0.026733	53.465201
1.9	0.026733	53.465201
1.91	0.026733	53.465201
1.92	0.026733	53.465201
1.93	0.026733	53.465201
1.94	0.026733	53.465201
1.95	0.026733	53.465201
1.96	0.026733	53.465201
1.97	0.026733	53.465201
1.98	0.026733	53.465201
1.99	0.026733	53.465201
