-0.01	-0.004463	-8.926984
0	-0.004457	-8.914774
0.01	-0.004457	-8.914774
0.02	-0.004457	-8.914774
0.03	-0.004457	-8.914774
0.04	-0.004451	-8.902564
0.05	-0.004451	-8.902564
0.06	-0.004451	-8.902564
0.07	-0.004451	-8.902564
0.08	-0.004445	-8.890354
0.09	-0.004445	-8.890354
0.1	-0.004445	-8.890354
0.11	-0.004439	-8.878144
0.12	-0.004439	-8.878144
0.13	-0.004439	-8.878144
0.14	-0.004433	-8.865934
0.15	-0.004427	-8.853724
0.16	-0.004427	-8.853724
0.17	-0.004421	-8.841514
0.18	-0.004421	-8.841514
0.19	-0.004415	-8.829304
0.2	-0.004415	-8.829304
0.21	-0.004409	-8.817094
0.22	-0.004409	-8.817094
0.23	-0.004402	-8.804884
0.24	-0.004396	-8.792674
0.25	-0.004396	-8.792674
0.26	-0.00439	-8.780464
0.27	-0.004384	-8.768254
0.28	-0.004384	-8.768254
0.29	-0.004378	-8.756044
0.3	-0.004372	-8.743834
0.31	-0.004366	-8.731624
0.32	-0.00436	-8.719414
0.33	-0.004354	-8.707204
0.34	-0.004347	-8.694994
0.35	-0.004341	-8.682784
0.36	-0.004335	-8.670574
0.37	-0.004323	-8.646154
0.38	-0.004317	-8.633944
0.39	-0.004311	-8.621734
0.4	-0.004305	-8.609524
0.41	-0.004293	-8.585104
0.42	-0.004286	-8.572894
0.43	-0.004268	-8.536264
0.44	-0.004262	-8.524054
0.45	-0.004244	-8.487424
0.46	-0.004238	-8.475214
0.47	-0.004219	-8.438584
0.48	-0.004201	-8.401954
0.49	-0.004183	-8.365324
0.5	-0.004164	-8.328694
0.51	-0.00414	-8.279853
0.52	-0.004116	-8.231013
0.53	-0.004085	-8.169963
0.54	-0.004054	-8.108913
0.55	-0.004012	-8.023443
0.56	-0.003963	-7.925763
0.57	-0.003908	-7.815873
0.58	-0.003859	-7.718193
0.59	-0.003768	-7.535043
0.6	-0.0037	-7.400733
0.61	-0.003578	-7.156532
0.62	-0.003481	-6.961172
0.63	-0.003316	-6.631502
0.64	-0.003188	-6.375092
0.65	-0.002962	-5.923321
0.66	-0.002791	-5.581441
0.67	-0.002498	-4.99536
0.68	-0.002278	-4.5558
0.69	-0.001924	-3.847619
0.7	-0.001661	-3.322589
0.71	-0.001222	-2.443468
0.72	-0.000928	-1.855482
0.73	-0.000441	-0.882592
0.74	-8.89852E-5	-0.17797
0.75	0.000484	0.967854
0.76	0.000876	1.752522
0.77	0.001477	2.953358
0.78	0.001892	3.783639
0.79	0.002527	5.05348
0.8	0.002942	5.883761
0.81	0.00365	7.300122
0.82	0.00412	8.240293
0.83	0.00481	9.620024
0.84	0.005305	10.609035
0.85	0.006025	12.049817
0.86	0.006526	13.051038
0.87	0.007258	14.516239
0.88	0.007777	15.55409
0.89	0.008534	17.068132
0.9	0.009029	18.057143
0.91	0.009816	19.632234
0.92	0.010341	20.682295
0.93	0.011287	22.573871
0.94	0.011836	23.672772
0.95	0.01263	25.260073
0.96	0.013118	26.236874
0.97	0.013973	27.946276
0.98	0.014462	28.923077
0.99	0.015255	30.510379
1	0.015805	31.60928
1.01	0.016598	33.196581
1.02	0.017148	34.295482
1.03	0.017941	35.882784
1.04	0.018491	36.981685
1.05	0.019223	38.446886
1.06	0.019895	39.789988
1.07	0.020567	41.133089
1.08	0.021116	42.23199
1.09	0.02191	43.819292
1.1	0.022398	44.796093
1.11	0.023192	46.383394
1.12	0.02368	47.360195
1.13	0.024535	49.069597
1.14	0.025145	50.290598
1.15	0.025756	51.5116
1.16	0.026244	52.4884
1.17	0.026183	52.3663
1.18	0.026977	53.953602
1.19	0.026916	53.831502
1.2	0.026977	53.953602
1.21	0.026916	53.831502
1.22	0.026916	53.831502
1.23	0.026916	53.831502
1.24	0.026916	53.831502
1.25	0.026916	53.831502
1.26	0.026916	53.831502
1.27	0.026916	53.831502
1.28	0.026855	53.709402
1.29	0.026855	53.709402
1.3	0.026916	53.831502
1.31	0.026855	53.709402
1.32	0.026855	53.709402
1.33	0.026855	53.709402
1.34	0.026855	53.709402
1.35	0.026855	53.709402
1.36	0.026794	53.587302
1.37	0.026855	53.709402
1.38	0.026855	53.709402
1.39	0.026794	53.587302
1.4	0.026794	53.587302
1.41	0.026794	53.587302
1.42	0.026794	53.587302
1.43	0.026794	53.587302
1.44	0.026794	53.587302
1.45	0.026794	53.587302
1.46	0.026794	53.587302
1.47	0.026794	53.587302
1.48	0.026794	53.587302
1.49	0.026794	53.587302
1.5	0.026794	53.587302
1.51	0.026794	53.587302
1.52	0.026794	53.587302
1.53	0.026794	53.587302
1.54	0.026733	53.465201
1.55	0.026794	53.587302
1.56	0.026733	53.465201
1.57	0.026733	53.465201
1.58	0.026733	53.465201
1.59	0.026733	53.465201
1.6	0.026733	53.465201
1.61	0.026733	53.465201
1.62	0.026733	53.465201
1.63	0.026733	53.465201
1.64	0.026733	53.465201
1.65	0.026733	53.465201
1.66	0.026733	53.465201
1.67	0.026733	53.465201
1.68	0.026733	53.465201
1.69	0.026733	53.465201
1.7	0.026733	53.465201
1.71	0.026672	53.343101
1.72	0.026733	53.465201
1.73	0.026672	53.343101
1.74	0.026672	53.343101
1.75	0.026733	53.465201
1.76	0.026733	53.465201
1.77	0.026672	53.343101
1.78	0.026672	53.343101
1.79	0.026733	53.465201
1.8	0.026672	53.343101
1.81	0.026672	53.343101
1.82	0.026672	53.343101
1.83	0.026672	53.343101
1.84	0.026672	53.343101
1.85	0.026672	53.343101
1.86	0.026672	53.343101
1.87	0.026672	53.343101
1.88	0.026672	53.343101
1.89	0.026672	53.343101
1.9	0.026672	53.343101
1.91	0.026672	53.343101
1.92	0.026672	53.343101
1.93	0.026672	53.343101
1.94	0.026672	53.343101
1.95	0.026672	53.343101
1.96	0.026672	53.343101
1.97	0.026672	53.343101
1.98	0.026611	53.221001
1.99	0.026672	53.343101
