-0.01	-7.285185E-5	-0.145704
0	-7.242407E-5	-0.144848
0.01	-7.291296E-5	-0.145826
0.02	-7.297407E-5	-0.145948
0.03	-7.254629E-5	-0.145093
0.04	-7.279074E-5	-0.145581
0.05	-7.321852E-5	-0.146437
0.06	-7.248518E-5	-0.14497
0.07	-7.236296E-5	-0.144726
0.08	-7.272963E-5	-0.145459
0.09	-7.272963E-5	-0.145459
0.1	-7.248518E-5	-0.14497
0.11	-7.285185E-5	-0.145704
0.12	-7.248518E-5	-0.14497
0.13	-7.236296E-5	-0.144726
0.14	-7.236296E-5	-0.144726
0.15	-7.224074E-5	-0.144481
0.16	-7.242407E-5	-0.144848
0.17	-7.217963E-5	-0.144359
0.18	-7.248518E-5	-0.14497
0.19	-7.187407E-5	-0.143748
0.2	-7.224074E-5	-0.144481
0.21	-7.217963E-5	-0.144359
0.22	-7.199629E-5	-0.143993
0.23	-7.162963E-5	-0.143259
0.24	-7.15074E-5	-0.143015
0.25	-7.175185E-5	-0.143504
0.26	-7.156852E-5	-0.143137
0.27	-7.15074E-5	-0.143015
0.28	-7.126296E-5	-0.142526
0.29	-7.126296E-5	-0.142526
0.3	-7.120185E-5	-0.142404
0.31	-7.09574E-5	-0.141915
0.32	-7.114074E-5	-0.142281
0.33	-7.077407E-5	-0.141548
0.34	-7.046851E-5	-0.140937
0.35	-7.034629E-5	-0.140693
0.36	-7.010185E-5	-0.140204
0.37	-7.004074E-5	-0.140081
0.38	-6.973518E-5	-0.13947
0.39	-6.967407E-5	-0.139348
0.4	-6.93074E-5	-0.138615
0.41	-6.942962E-5	-0.138859
0.42	-6.918518E-5	-0.13837
0.43	-6.900185E-5	-0.138004
0.44	-6.912407E-5	-0.138248
0.45	-6.857407E-5	-0.137148
0.46	-6.857407E-5	-0.137148
0.47	-6.796296E-5	-0.135926
0.48	-6.796296E-5	-0.135926
0.49	-6.771851E-5	-0.135437
0.5	-6.698518E-5	-0.13397
0.51	-6.631296E-5	-0.132626
0.52	-6.643518E-5	-0.13287
0.53	-6.637407E-5	-0.132748
0.54	-6.564073E-5	-0.131281
0.55	-6.515184E-5	-0.130304
0.56	-6.539629E-5	-0.130793
0.57	-6.429629E-5	-0.128593
0.58	-6.417406E-5	-0.128348
0.59	-6.313517E-5	-0.12627
0.6	-6.282962E-5	-0.125659
0.61	-6.172962E-5	-0.123459
0.62	-6.111851E-5	-0.122237
0.63	-5.904073E-5	-0.118081
0.64	-5.873517E-5	-0.11747
0.65	-5.647406E-5	-0.112948
0.66	-5.488517E-5	-0.10977
0.67	-5.17685E-5	-0.103537
0.68	-4.950738E-5	-0.099015
0.69	-4.406849E-5	-0.088137
0.7	-4.003515E-5	-0.08007
0.71	-3.227403E-5	-0.064548
0.72	-2.622403E-5	-0.052448
0.73	-1.229068E-5	-0.024581
0.74	-2.528846E-6	-0.005058
0.75	1.93038E-5	0.038608
0.76	3.904271E-5	0.078085
0.77	7.473163E-5	0.149463
0.78	0.000103	0.206052
0.79	0.000157	0.313965
0.8	0.000202	0.403187
0.81	0.000279	0.557187
0.82	0.000334	0.66841
0.83	0.000432	0.863965
0.84	0.000499	0.997188
0.85	0.000604	1.20741
0.86	0.000673	1.346744
0.87	0.000785	1.569188
0.88	0.000862	1.723188
0.89	0.000978	1.955411
0.9	0.001053	2.105744
0.91	0.001171	2.342857
0.92	0.001251	2.501587
0.93	0.001385	2.770208
0.94	0.001477	2.953358
0.95	0.001617	3.234188
0.96	0.001715	3.429548
0.97	0.001867	3.734799
0.98	0.001965	3.930159
0.99	0.00213	4.259829
1	0.00224	4.479609
1.01	0.002417	4.8337
1.02	0.002533	5.06569
1.03	0.002722	5.4442
1.04	0.00285	5.700611
1.05	0.003046	6.091331
1.06	0.003217	6.433211
1.07	0.003388	6.775092
1.08	0.003534	7.068132
1.09	0.003754	7.507692
1.1	0.003906	7.812943
1.11	0.004132	8.264713
1.12	0.004291	8.582173
1.13	0.004529	9.058364
1.14	0.004731	9.461294
1.15	0.00495	9.900855
1.16	0.005121	10.242735
1.17	0.005384	10.767766
1.18	0.005567	11.134066
1.19	0.005805	11.610256
1.2	0.006025	12.049817
1.21	0.006312	12.623687
1.22	0.006507	13.014408
1.23	0.006812	13.624908
1.24	0.00702	14.040049
1.25	0.007313	14.626129
1.26	0.007539	15.0779
1.27	0.00785	15.700611
1.28	0.008064	16.127961
1.29	0.008381	16.762882
1.3	0.00862	17.239072
1.31	0.008955	17.910623
1.32	0.009187	18.374603
1.33	0.009541	19.082784
1.34	0.009767	19.534554
1.35	0.010134	20.267155
1.36	0.010378	20.755556
1.37	0.010732	21.463736
1.38	0.010988	21.976557
1.39	0.011592	23.184371
1.4	0.011836	23.672772
1.41	0.012203	24.405372
1.42	0.012447	24.893773
1.43	0.012874	25.748474
1.44	0.013118	26.236874
1.45	0.013546	27.091575
1.46	0.013851	27.702076
1.47	0.014278	28.556777
1.48	0.014523	29.045177
1.49	0.01495	29.899878
1.5	0.015255	30.510379
1.51	0.015683	31.365079
1.52	0.015988	31.97558
1.53	0.016415	32.830281
1.54	0.01672	33.440781
1.55	0.017209	34.417582
1.56	0.017575	35.150183
1.57	0.017941	35.882784
1.58	0.018247	36.493284
1.59	0.018735	37.470085
1.6	0.01904	38.080586
1.61	0.019529	39.057387
1.62	0.019834	39.667888
1.63	0.020261	40.522589
1.64	0.020689	41.377289
1.65	0.021116	42.23199
1.66	0.021482	42.964591
1.67	0.021971	43.941392
1.68	0.022276	44.551893
1.69	0.022642	45.284493
1.7	0.023131	46.261294
1.71	0.023619	47.238095
1.72	0.023985	47.970696
1.73	0.024535	49.069597
1.74	0.02484	49.680098
1.75	0.025389	50.778999
1.76	0.025756	51.5116
1.77	0.026244	52.4884
1.78	0.026122	52.2442
1.79	0.026488	52.976801
1.8	0.027343	54.686203
1.81	0.027282	54.564103
1.82	0.027282	54.564103
1.83	0.027282	54.564103
1.84	0.027282	54.564103
1.85	0.027282	54.564103
1.86	0.027282	54.564103
1.87	0.027282	54.564103
1.88	0.027282	54.564103
1.89	0.027221	54.442002
1.9	0.027221	54.442002
1.91	0.027282	54.564103
1.92	0.027221	54.442002
1.93	0.027221	54.442002
1.94	0.027221	54.442002
1.95	0.027221	54.442002
1.96	0.027221	54.442002
1.97	0.027221	54.442002
1.98	0.027221	54.442002
1.99	0.027221	54.442002
