-0.01	-2.592994E-7	-0.000519
0	1.501099E-8	3.002198E-5
0.01	9.272772E-8	0.000185
0.02	7.063914E-7	0.001413
0.03	1.093205E-6	0.002186
0.04	1.405134E-6	0.00281
0.05	1.842928E-6	0.003686
0.06	2.157399E-6	0.004315
0.07	2.533532E-6	0.005067
0.08	2.872668E-6	0.005745
0.09	3.316628E-6	0.006633
0.1	3.581771E-6	0.007164
0.11	4.07506E-6	0.00815
0.12	4.401864E-6	0.008804
0.13	4.85199E-6	0.009704
0.14	5.166462E-6	0.010333
0.15	5.690582E-6	0.011381
0.16	6.029718E-6	0.012059
0.17	6.45518E-6	0.01291
0.18	6.886807E-6	0.013774
0.19	7.398595E-6	0.014797
0.2	7.836389E-6	0.015673
0.21	8.298847E-6	0.016598
0.22	8.773638E-6	0.017547
0.23	9.365585E-6	0.018731
0.24	9.778714E-6	0.019557
0.25	1.047548E-5	0.020951
0.26	1.087012E-5	0.02174
0.27	1.172601E-5	0.023452
0.28	1.197046E-5	0.023941
0.29	1.282601E-5	0.025652
0.3	1.355935E-5	0.027119
0.31	1.44149E-5	0.02883
0.32	1.484268E-5	0.029685
0.33	1.594268E-5	0.031885
0.34	1.667602E-5	0.033352
0.35	1.76538E-5	0.035308
0.36	1.850935E-5	0.037019
0.37	2.034269E-5	0.040685
0.38	2.089269E-5	0.041785
0.39	2.266491E-5	0.04533
0.4	2.358158E-5	0.047163
0.41	2.602603E-5	0.052052
0.42	2.730936E-5	0.054619
0.43	2.999825E-5	0.059997
0.44	3.201492E-5	0.06403
0.45	3.57427E-5	0.071485
0.46	3.879826E-5	0.077597
0.47	4.417604E-5	0.088352
0.48	4.857605E-5	0.097152
0.49	5.658161E-5	0.113163
0.5	6.244828E-5	0.124897
0.51	7.442607E-5	0.148852
0.52	8.340942E-5	0.166819
0.53	0.000102	0.204341
0.54	0.000116	0.232076
0.55	0.000144	0.288298
0.56	0.000174	0.348187
0.57	0.00021	0.419076
0.58	0.000244	0.48752
0.59	0.000309	0.618298
0.6	0.000357	0.714854
0.61	0.000456	0.912854
0.62	0.00053	1.060743
0.63	0.000673	1.345521
0.64	0.00078	1.55941
0.65	0.000984	1.968855
0.66	0.001123	2.245177
0.67	0.001385	2.770208
0.68	0.001593	3.185348
0.69	0.001935	3.869109
0.7	0.002191	4.381929
0.71	0.0026	5.2
0.72	0.002924	5.847131
0.73	0.003388	6.775092
0.74	0.003742	7.483272
0.75	0.004297	8.594383
0.76	0.004682	9.363614
0.77	0.005305	10.609035
0.78	0.005726	11.451526
0.79	0.006367	12.733578
0.8	0.006819	13.637118
0.81	0.007515	15.02906
0.82	0.008003	16.005861
0.83	0.008717	17.434432
0.84	0.009206	18.411233
0.85	0.00995	19.900855
0.86	0.010469	20.938706
0.87	0.011409	22.818071
0.88	0.011958	23.916972
0.89	0.012752	25.504274
0.9	0.013302	26.603175
0.91	0.014156	28.312576
0.92	0.014645	29.289377
0.93	0.015499	30.998779
0.94	0.016049	32.09768
0.95	0.016904	33.807082
0.96	0.017453	34.905983
0.97	0.018247	36.493284
0.98	0.018857	37.714286
0.99	0.019712	39.423687
1	0.020261	40.522589
1.01	0.021177	42.35409
1.02	0.021726	43.452991
1.03	0.022581	45.162393
1.04	0.023131	46.261294
1.05	0.024046	48.092796
1.06	0.024779	49.557998
1.07	0.025512	51.023199
1.08	0.026061	52.1221
1.09	0.026366	52.732601
1.1	0.026855	53.709402
1.11	0.027526	55.052503
1.12	0.027526	55.052503
1.13	0.027465	54.930403
1.14	0.027465	54.930403
1.15	0.027465	54.930403
1.16	0.027465	54.930403
1.17	0.027465	54.930403
1.18	0.027465	54.930403
1.19	0.027465	54.930403
1.2	0.027404	54.808303
1.21	0.027404	54.808303
1.22	0.027404	54.808303
1.23	0.027404	54.808303
1.24	0.027404	54.808303
1.25	0.027404	54.808303
1.26	0.027343	54.686203
1.27	0.027404	54.808303
1.28	0.027343	54.686203
1.29	0.027343	54.686203
1.3	0.027343	54.686203
1.31	0.027343	54.686203
1.32	0.027343	54.686203
1.33	0.027343	54.686203
1.34	0.027343	54.686203
1.35	0.027343	54.686203
1.36	0.027343	54.686203
1.37	0.027343	54.686203
1.38	0.027282	54.564103
1.39	0.027343	54.686203
1.4	0.027282	54.564103
1.41	0.027282	54.564103
1.42	0.027282	54.564103
1.43	0.027282	54.564103
1.44	0.027282	54.564103
1.45	0.027282	54.564103
1.46	0.027282	54.564103
1.47	0.027282	54.564103
1.48	0.027282	54.564103
1.49	0.027282	54.564103
1.5	0.027282	54.564103
1.51	0.027282	54.564103
1.52	0.027282	54.564103
1.53	0.027282	54.564103
1.54	0.027282	54.564103
1.55	0.027221	54.442002
1.56	0.027221	54.442002
1.57	0.027221	54.442002
1.58	0.027221	54.442002
1.59	0.027221	54.442002
1.6	0.027221	54.442002
1.61	0.027221	54.442002
1.62	0.027221	54.442002
1.63	0.027221	54.442002
1.64	0.027221	54.442002
1.65	0.027221	54.442002
1.66	0.027221	54.442002
1.67	0.027221	54.442002
1.68	0.027221	54.442002
1.69	0.02716	54.319902
1.7	0.027221	54.442002
1.71	0.027221	54.442002
1.72	0.02716	54.319902
1.73	0.02716	54.319902
1.74	0.027221	54.442002
1.75	0.02716	54.319902
1.76	0.02716	54.319902
1.77	0.02716	54.319902
1.78	0.02716	54.319902
1.79	0.02716	54.319902
1.8	0.02716	54.319902
1.81	0.02716	54.319902
1.82	0.02716	54.319902
1.83	0.02716	54.319902
1.84	0.02716	54.319902
1.85	0.027099	54.197802
1.86	0.02716	54.319902
1.87	0.02716	54.319902
1.88	0.027099	54.197802
1.89	0.02716	54.319902
1.9	0.02716	54.319902
1.91	0.027099	54.197802
1.92	0.027099	54.197802
1.93	0.02716	54.319902
1.94	0.027099	54.197802
1.95	0.027099	54.197802
1.96	0.02716	54.319902
1.97	0.027099	54.197802
1.98	0.027099	54.197802
1.99	0.027099	54.197802
