-0.01	-0.002351	-4.70232
0	-0.002351	-4.70232
0.01	-0.002351	-4.70232
0.02	-0.002345	-4.69011
0.03	-0.002345	-4.69011
0.04	-0.002345	-4.69011
0.05	-0.002339	-4.6779
0.06	-0.002339	-4.6779
0.07	-0.002333	-4.66569
0.08	-0.002333	-4.66569
0.09	-0.002327	-4.65348
0.1	-0.002327	-4.65348
0.11	-0.002321	-4.64127
0.12	-0.002321	-4.64127
0.13	-0.002315	-4.62906
0.14	-0.002308	-4.61685
0.15	-0.002308	-4.61685
0.16	-0.002302	-4.60464
0.17	-0.002296	-4.59243
0.18	-0.002296	-4.59243
0.19	-0.00229	-4.58022
0.2	-0.002284	-4.56801
0.21	-0.002278	-4.5558
0.22	-0.002272	-4.54359
0.23	-0.002266	-4.53138
0.24	-0.00226	-4.51917
0.25	-0.002247	-4.49475
0.26	-0.002241	-4.48254
0.27	-0.002229	-4.45812
0.28	-0.002223	-4.44591
0.29	-0.002205	-4.40928
0.3	-0.002192	-4.38486
0.31	-0.002174	-4.34823
0.32	-0.002162	-4.32381
0.33	-0.002137	-4.274969
0.34	-0.002119	-4.238339
0.35	-0.002083	-4.165079
0.36	-0.002058	-4.116239
0.37	-0.002015	-4.030769
0.38	-0.001979	-3.957509
0.39	-0.001918	-3.835409
0.4	-0.001869	-3.737729
0.41	-0.001783	-3.566789
0.42	-0.001716	-3.432479
0.43	-0.0016	-3.200488
0.44	-0.001515	-3.029548
0.45	-0.001362	-2.724298
0.46	-0.00124	-2.480098
0.47	-0.001045	-2.089377
0.48	-0.000922	-1.84326
0.49	-0.000653	-1.305481
0.5	-0.000463	-0.92537
0.51	-0.000168	-0.336258
0.52	6.556495E-5	0.13113
0.53	0.000428	0.85541
0.54	0.00069	1.380966
0.55	0.00111	2.220757
0.56	0.001489	2.977778
0.57	0.001874	3.747009
0.58	0.002209	4.418559
0.59	0.002728	5.45641
0.6	0.003095	6.189011
0.61	0.003662	7.324542
0.62	0.004053	8.105983
0.63	0.004645	9.290354
0.64	0.005042	10.084005
0.65	0.005695	11.390476
0.66	0.006129	12.257387
0.67	0.006776	13.551648
0.68	0.007228	14.455189
0.69	0.007899	15.798291
0.7	0.008357	16.714042
0.71	0.009077	18.154823
0.72	0.009535	19.070574
0.73	0.01025	20.499145
0.74	0.010738	21.475946
0.75	0.011653	23.306471
0.76	0.012142	24.283272
0.77	0.012935	25.870574
0.78	0.013424	26.847375
0.79	0.014217	28.434676
0.8	0.014706	29.411477
0.81	0.015499	30.998779
0.82	0.016049	32.09768
0.83	0.016842	33.684982
0.84	0.017331	34.661783
0.85	0.018125	36.249084
0.86	0.018674	37.347985
0.87	0.019468	38.935287
0.88	0.020017	40.034188
0.89	0.020811	41.62149
0.9	0.02136	42.720391
0.91	0.022154	44.307692
0.92	0.022642	45.284493
0.93	0.023558	47.115995
0.94	0.024046	48.092796
0.95	0.024901	49.802198
0.96	0.025389	50.778999
0.97	0.026244	52.4884
0.98	0.025939	51.8779
0.99	0.027038	54.075702
1	0.027099	54.197802
1.01	0.027038	54.075702
1.02	0.027038	54.075702
1.03	0.027038	54.075702
1.04	0.027038	54.075702
1.05	0.027038	54.075702
1.06	0.027038	54.075702
1.07	0.026977	53.953602
1.08	0.026977	53.953602
1.09	0.026977	53.953602
1.1	0.026977	53.953602
1.11	0.026977	53.953602
1.12	0.026977	53.953602
1.13	0.026977	53.953602
1.14	0.026977	53.953602
1.15	0.026916	53.831502
1.16	0.026916	53.831502
1.17	0.026916	53.831502
1.18	0.026916	53.831502
1.19	0.026916	53.831502
1.2	0.026916	53.831502
1.21	0.026916	53.831502
1.22	0.026916	53.831502
1.23	0.026916	53.831502
1.24	0.026916	53.831502
1.25	0.026916	53.831502
1.26	0.026855	53.709402
1.27	0.026916	53.831502
1.28	0.026916	53.831502
1.29	0.026916	53.831502
1.3	0.026855	53.709402
1.31	0.026855	53.709402
1.32	0.026855	53.709402
1.33	0.026855	53.709402
1.34	0.026855	53.709402
1.35	0.026855	53.709402
1.36	0.026855	53.709402
1.37	0.026855	53.709402
1.38	0.026855	53.709402
1.39	0.026855	53.709402
1.4	0.026855	53.709402
1.41	0.026855	53.709402
1.42	0.026855	53.709402
1.43	0.026855	53.709402
1.44	0.026855	53.709402
1.45	0.026855	53.709402
1.46	0.026794	53.587302
1.47	0.026855	53.709402
1.48	0.026794	53.587302
1.49	0.026855	53.709402
1.5	0.026855	53.709402
1.51	0.026794	53.587302
1.52	0.026794	53.587302
1.53	0.026794	53.587302
1.54	0.026794	53.587302
1.55	0.026794	53.587302
1.56	0.026794	53.587302
1.57	0.026794	53.587302
1.58	0.026794	53.587302
1.59	0.026794	53.587302
1.6	0.026794	53.587302
1.61	0.026794	53.587302
1.62	0.026794	53.587302
1.63	0.026794	53.587302
1.64	0.026794	53.587302
1.65	0.026794	53.587302
1.66	0.026794	53.587302
1.67	0.026733	53.465201
1.68	0.026794	53.587302
1.69	0.026794	53.587302
1.7	0.026733	53.465201
1.71	0.026794	53.587302
1.72	0.026794	53.587302
1.73	0.026733	53.465201
1.74	0.026733	53.465201
1.75	0.026794	53.587302
1.76	0.026733	53.465201
1.77	0.026733	53.465201
1.78	0.026733	53.465201
1.79	0.026733	53.465201
1.8	0.026733	53.465201
1.81	0.026733	53.465201
1.82	0.026733	53.465201
1.83	0.026733	53.465201
1.84	0.026733	53.465201
1.85	0.026733	53.465201
1.86	0.026733	53.465201
1.87	0.026733	53.465201
1.88	0.026733	53.465201
1.89	0.026733	53.465201
1.9	0.026733	53.465201
1.91	0.026733	53.465201
1.92	0.026733	53.465201
1.93	0.026733	53.465201
1.94	0.026672	53.343101
1.95	0.026733	53.465201
1.96	0.026733	53.465201
1.97	0.026733	53.465201
1.98	0.026733	53.465201
1.99	0.026733	53.465201
