-0.01	-0.005703	-11.405617
0	-0.005697	-11.393407
0.01	-0.005697	-11.393407
0.02	-0.005691	-11.381197
0.03	-0.005691	-11.381197
0.04	-0.005691	-11.381197
0.05	-0.005684	-11.368987
0.06	-0.005684	-11.368987
0.07	-0.005678	-11.356777
0.08	-0.005672	-11.344567
0.09	-0.005666	-11.332357
0.1	-0.005666	-11.332357
0.11	-0.00566	-11.320147
0.12	-0.005654	-11.307937
0.13	-0.005648	-11.295726
0.14	-0.005648	-11.295726
0.15	-0.005636	-11.271306
0.16	-0.00563	-11.259096
0.17	-0.00563	-11.259096
0.18	-0.005623	-11.246886
0.19	-0.005611	-11.222466
0.2	-0.005605	-11.210256
0.21	-0.005599	-11.198046
0.22	-0.005593	-11.185836
0.23	-0.005581	-11.161416
0.24	-0.005581	-11.161416
0.25	-0.005568	-11.136996
0.26	-0.005562	-11.124786
0.27	-0.005544	-11.088156
0.28	-0.005538	-11.075946
0.29	-0.005526	-11.051526
0.3	-0.005514	-11.027106
0.31	-0.005501	-11.002686
0.32	-0.005489	-10.978266
0.33	-0.005471	-10.941636
0.34	-0.005459	-10.917216
0.35	-0.00544	-10.880586
0.36	-0.005422	-10.843956
0.37	-0.005398	-10.795116
0.38	-0.005379	-10.758486
0.39	-0.005343	-10.685226
0.4	-0.005318	-10.636386
0.41	-0.005282	-10.563126
0.42	-0.005245	-10.489866
0.43	-0.005196	-10.392186
0.44	-0.005147	-10.294505
0.45	-0.00508	-10.160195
0.46	-0.005025	-10.050305
0.47	-0.004927	-9.854945
0.48	-0.00486	-9.720635
0.49	-0.004726	-9.452015
0.5	-0.004628	-9.256654
0.51	-0.004463	-8.926984
0.52	-0.004335	-8.670574
0.53	-0.004122	-8.243223
0.54	-0.003957	-7.913553
0.55	-0.003688	-7.376313
0.56	-0.003426	-6.851282
0.57	-0.003151	-6.301832
0.58	-0.002907	-5.813431
0.59	-0.002516	-5.03199
0.6	-0.002235	-4.47033
0.61	-0.001783	-3.566789
0.62	-0.001466	-2.931868
0.63	-0.000971	-1.94226
0.64	-0.0006	-1.20037
0.65	-4.584071E-5	-0.091681
0.66	0.000359	0.718521
0.67	0.000975	1.9493
0.68	0.001397	2.794628
0.69	0.002044	4.088889
0.7	0.002508	5.01685
0.71	0.00318	6.359951
0.72	0.003644	7.287912
0.73	0.004352	8.704274
0.74	0.004853	9.705495
0.75	0.005604	11.207326
0.76	0.006092	12.184127
0.77	0.006861	13.722589
0.78	0.007374	14.74823
0.79	0.008162	16.323321
0.8	0.008662	17.324542
0.81	0.009499	18.997314
0.82	0.01003	20.059585
0.83	0.01083	21.659096
0.84	0.011592	23.184371
0.85	0.012386	24.771673
0.86	0.012996	25.992674
0.87	0.013851	27.702076
0.88	0.014339	28.678877
0.89	0.015194	30.388278
0.9	0.015805	31.60928
0.91	0.016659	33.318681
0.92	0.01727	34.539683
0.93	0.018063	36.126984
0.94	0.018674	37.347985
0.95	0.019529	39.057387
0.96	0.020139	40.278388
0.97	0.020994	41.98779
0.98	0.021604	43.208791
0.99	0.022459	44.918193
1	0.02307	46.139194
1.01	0.023924	47.848596
1.02	0.024535	49.069597
1.03	0.025451	50.901099
1.04	0.026	52
1.05	0.026	52
1.06	0.026794	53.587302
1.07	0.026855	53.709402
1.08	0.026794	53.587302
1.09	0.026794	53.587302
1.1	0.026794	53.587302
1.11	0.026794	53.587302
1.12	0.026794	53.587302
1.13	0.026733	53.465201
1.14	0.026733	53.465201
1.15	0.026733	53.465201
1.16	0.026794	53.587302
1.17	0.026733	53.465201
1.18	0.026733	53.465201
1.19	0.026733	53.465201
1.2	0.026733	53.465201
1.21	0.026733	53.465201
1.22	0.026733	53.465201
1.23	0.026733	53.465201
1.24	0.026672	53.343101
1.25	0.026733	53.465201
1.26	0.026733	53.465201
1.27	0.026672	53.343101
1.28	0.026672	53.343101
1.29	0.026672	53.343101
1.3	0.026672	53.343101
1.31	0.026672	53.343101
1.32	0.026672	53.343101
1.33	0.026672	53.343101
1.34	0.026672	53.343101
1.35	0.026672	53.343101
1.36	0.026611	53.221001
1.37	0.026672	53.343101
1.38	0.026672	53.343101
1.39	0.026611	53.221001
1.4	0.026672	53.343101
1.41	0.026672	53.343101
1.42	0.026611	53.221001
1.43	0.026611	53.221001
1.44	0.026611	53.221001
1.45	0.026611	53.221001
1.46	0.026611	53.221001
1.47	0.026611	53.221001
1.48	0.026611	53.221001
1.49	0.026611	53.221001
1.5	0.026611	53.221001
1.51	0.026611	53.221001
1.52	0.026611	53.221001
1.53	0.026611	53.221001
1.54	0.026611	53.221001
1.55	0.026611	53.221001
1.56	0.026549	53.098901
1.57	0.026611	53.221001
1.58	0.026611	53.221001
1.59	0.026611	53.221001
1.6	0.026611	53.221001
1.61	0.026611	53.221001
1.62	0.026611	53.221001
1.63	0.026549	53.098901
1.64	0.026549	53.098901
1.65	0.026549	53.098901
1.66	0.026549	53.098901
1.67	0.026549	53.098901
1.68	0.026549	53.098901
1.69	0.026611	53.221001
1.7	0.026549	53.098901
1.71	0.026549	53.098901
1.72	0.026549	53.098901
1.73	0.026549	53.098901
1.74	0.026549	53.098901
1.75	0.026549	53.098901
1.76	0.026549	53.098901
1.77	0.026549	53.098901
1.78	0.026549	53.098901
1.79	0.026549	53.098901
1.8	0.026549	53.098901
1.81	0.026549	53.098901
1.82	0.026549	53.098901
1.83	0.026549	53.098901
1.84	0.026549	53.098901
1.85	0.026549	53.098901
1.86	0.026488	52.976801
1.87	0.026549	53.098901
1.88	0.026549	53.098901
1.89	0.026549	53.098901
1.9	0.026488	52.976801
1.91	0.026549	53.098901
1.92	0.026488	52.976801
1.93	0.026488	52.976801
1.94	0.026488	52.976801
1.95	0.026488	52.976801
1.96	0.026488	52.976801
1.97	0.026549	53.098901
1.98	0.026488	52.976801
1.99	0.026488	52.976801
