-0.01	-0.003786	-7.571673
0	-0.003792	-7.583883
0.01	-0.003786	-7.571673
0.02	-0.003786	-7.571673
0.03	-0.003786	-7.571673
0.04	-0.003786	-7.571673
0.05	-0.003786	-7.571673
0.06	-0.00378	-7.559463
0.07	-0.00378	-7.559463
0.08	-0.00378	-7.559463
0.09	-0.003774	-7.547253
0.1	-0.003774	-7.547253
0.11	-0.003774	-7.547253
0.12	-0.003774	-7.547253
0.13	-0.003768	-7.535043
0.14	-0.003768	-7.535043
0.15	-0.003768	-7.535043
0.16	-0.003768	-7.535043
0.17	-0.003768	-7.535043
0.18	-0.003761	-7.522833
0.19	-0.003755	-7.510623
0.2	-0.003755	-7.510623
0.21	-0.003755	-7.510623
0.22	-0.003749	-7.498413
0.23	-0.003749	-7.498413
0.24	-0.003743	-7.486203
0.25	-0.003743	-7.486203
0.26	-0.003737	-7.473993
0.27	-0.003737	-7.473993
0.28	-0.003731	-7.461783
0.29	-0.003731	-7.461783
0.3	-0.003725	-7.449573
0.31	-0.003719	-7.437363
0.32	-0.003719	-7.437363
0.33	-0.003713	-7.425153
0.34	-0.003706	-7.412943
0.35	-0.0037	-7.400733
0.36	-0.003694	-7.388523
0.37	-0.003688	-7.376313
0.38	-0.003682	-7.364103
0.39	-0.003682	-7.364103
0.4	-0.003676	-7.351893
0.41	-0.003664	-7.327473
0.42	-0.003658	-7.315263
0.43	-0.003652	-7.303053
0.44	-0.003645	-7.290842
0.45	-0.003639	-7.278632
0.46	-0.003627	-7.254212
0.47	-0.003621	-7.242002
0.48	-0.003609	-7.217582
0.49	-0.003597	-7.193162
0.5	-0.00359	-7.180952
0.51	-0.003572	-7.144322
0.52	-0.00356	-7.119902
0.53	-0.003542	-7.083272
0.54	-0.003529	-7.058852
0.55	-0.003505	-7.010012
0.56	-0.003487	-6.973382
0.57	-0.003462	-6.924542
0.58	-0.003444	-6.887912
0.59	-0.003401	-6.802442
0.6	-0.003371	-6.741392
0.61	-0.003322	-6.643712
0.62	-0.003279	-6.558242
0.63	-0.003206	-6.411722
0.64	-0.003145	-6.289621
0.65	-0.003035	-6.069841
0.66	-0.002949	-5.898901
0.67	-0.002803	-5.605861
0.68	-0.002687	-5.373871
0.69	-0.002479	-4.95873
0.7	-0.002321	-4.64127
0.71	-0.002058	-4.116239
0.72	-0.001863	-3.725519
0.73	-0.001509	-3.017338
0.74	-0.001258	-2.516728
0.75	-0.000868	-1.735704
0.76	-0.000564	-1.128259
0.77	-0.00011	-0.219282
0.78	0.000235	0.470409
0.79	0.000753	1.505633
0.8	0.001123	2.245177
0.81	0.001678	3.356288
0.82	0.002069	4.137729
0.83	0.002655	5.30989
0.84	0.003046	6.091331
0.85	0.003674	7.348962
0.86	0.004084	8.167033
0.87	0.004718	9.436874
0.88	0.005127	10.254945
0.89	0.005738	11.475946
0.9	0.006165	12.330647
0.91	0.006812	13.624908
0.92	0.007203	14.406349
0.93	0.007808	15.61514
0.94	0.008253	16.506471
0.95	0.008858	17.715263
0.96	0.009224	18.447863
0.97	0.009865	19.729915
0.98	0.01025	20.499145
0.99	0.010823	21.646886
1	0.011409	22.818071
1.01	0.01202	24.039072
1.02	0.012325	24.649573
1.03	0.012935	25.870574
1.04	0.013302	26.603175
1.05	0.013851	27.702076
1.06	0.014278	28.556777
1.07	0.014767	29.533578
1.08	0.015133	30.266178
1.09	0.015683	31.365079
1.1	0.016049	32.09768
1.11	0.016598	33.196581
1.12	0.016965	33.929182
1.13	0.017514	35.028083
1.14	0.018002	36.004884
1.15	0.01843	36.859585
1.16	0.018796	37.592186
1.17	0.019346	38.691087
1.18	0.019712	39.423687
1.19	0.0202	40.400488
1.2	0.020689	41.377289
1.21	0.021238	42.47619
1.22	0.021604	43.208791
1.23	0.022154	44.307692
1.24	0.022581	45.162393
1.25	0.023131	46.261294
1.26	0.023558	47.115995
1.27	0.024107	48.214896
1.28	0.024535	49.069597
1.29	0.025084	50.168498
1.3	0.025512	51.023199
1.31	0.026122	52.2442
1.32	0.025939	51.8779
1.33	0.026977	53.953602
1.34	0.026977	53.953602
1.35	0.026977	53.953602
1.36	0.026977	53.953602
1.37	0.026977	53.953602
1.38	0.026977	53.953602
1.39	0.026916	53.831502
1.4	0.026916	53.831502
1.41	0.026916	53.831502
1.42	0.026916	53.831502
1.43	0.026916	53.831502
1.44	0.026916	53.831502
1.45	0.026916	53.831502
1.46	0.026916	53.831502
1.47	0.026916	53.831502
1.48	0.026855	53.709402
1.49	0.026855	53.709402
1.5	0.026916	53.831502
1.51	0.026855	53.709402
1.52	0.026855	53.709402
1.53	0.026855	53.709402
1.54	0.026855	53.709402
1.55	0.026855	53.709402
1.56	0.026855	53.709402
1.57	0.026855	53.709402
1.58	0.026855	53.709402
1.59	0.026855	53.709402
1.6	0.026855	53.709402
1.61	0.026855	53.709402
1.62	0.026855	53.709402
1.63	0.026855	53.709402
1.64	0.026855	53.709402
1.65	0.026855	53.709402
1.66	0.026855	53.709402
1.67	0.026855	53.709402
1.68	0.026794	53.587302
1.69	0.026794	53.587302
1.7	0.026794	53.587302
1.71	0.026794	53.587302
1.72	0.026794	53.587302
1.73	0.026794	53.587302
1.74	0.026794	53.587302
1.75	0.026794	53.587302
1.76	0.026794	53.587302
1.77	0.026794	53.587302
1.78	0.026794	53.587302
1.79	0.026794	53.587302
1.8	0.026794	53.587302
1.81	0.026794	53.587302
1.82	0.026733	53.465201
1.83	0.026794	53.587302
1.84	0.026794	53.587302
1.85	0.026794	53.587302
1.86	0.026794	53.587302
1.87	0.026794	53.587302
1.88	0.026733	53.465201
1.89	0.026733	53.465201
1.9	0.026794	53.587302
1.91	0.026794	53.587302
1.92	0.026733	53.465201
1.93	0.026733	53.465201
1.94	0.026733	53.465201
1.95	0.026733	53.465201
1.96	0.026733	53.465201
1.97	0.026733	53.465201
1.98	0.026733	53.465201
1.99	0.026733	53.465201
