-0.01	-0.001545	-3.090598
0	-0.001545	-3.090598
0.01	-0.001545	-3.090598
0.02	-0.001545	-3.090598
0.03	-0.001545	-3.090598
0.04	-0.001545	-3.090598
0.05	-0.001545	-3.090598
0.06	-0.001545	-3.090598
0.07	-0.001545	-3.090598
0.08	-0.001545	-3.090598
0.09	-0.001545	-3.090598
0.1	-0.001545	-3.090598
0.11	-0.001539	-3.078388
0.12	-0.001539	-3.078388
0.13	-0.001539	-3.078388
0.14	-0.001539	-3.078388
0.15	-0.001539	-3.078388
0.16	-0.001539	-3.078388
0.17	-0.001539	-3.078388
0.18	-0.001539	-3.078388
0.19	-0.001533	-3.066178
0.2	-0.001533	-3.066178
0.21	-0.001533	-3.066178
0.22	-0.001533	-3.066178
0.23	-0.001533	-3.066178
0.24	-0.001533	-3.066178
0.25	-0.001533	-3.066178
0.26	-0.001533	-3.066178
0.27	-0.001527	-3.053968
0.28	-0.001527	-3.053968
0.29	-0.001527	-3.053968
0.3	-0.001527	-3.053968
0.31	-0.001521	-3.041758
0.32	-0.001521	-3.041758
0.33	-0.001521	-3.041758
0.34	-0.001515	-3.029548
0.35	-0.001515	-3.029548
0.36	-0.001515	-3.029548
0.37	-0.001515	-3.029548
0.38	-0.001509	-3.017338
0.39	-0.001509	-3.017338
0.4	-0.001509	-3.017338
0.41	-0.001503	-3.005128
0.42	-0.001503	-3.005128
0.43	-0.001496	-2.992918
0.44	-0.001496	-2.992918
0.45	-0.00149	-2.980708
0.46	-0.00149	-2.980708
0.47	-0.00149	-2.980708
0.48	-0.001484	-2.968498
0.49	-0.001478	-2.956288
0.5	-0.001478	-2.956288
0.51	-0.001472	-2.944078
0.52	-0.001472	-2.944078
0.53	-0.001466	-2.931868
0.54	-0.001466	-2.931868
0.55	-0.001454	-2.907448
0.56	-0.001454	-2.907448
0.57	-0.001448	-2.895238
0.58	-0.001442	-2.883028
0.59	-0.001442	-2.883028
0.6	-0.001435	-2.870818
0.61	-0.001423	-2.846398
0.62	-0.001423	-2.846398
0.63	-0.001417	-2.834188
0.64	-0.001411	-2.821978
0.65	-0.001399	-2.797558
0.66	-0.001393	-2.785348
0.67	-0.00138	-2.760928
0.68	-0.001368	-2.736508
0.69	-0.001356	-2.712088
0.7	-0.001344	-2.687668
0.71	-0.001319	-2.638828
0.72	-0.001301	-2.602198
0.73	-0.001264	-2.528938
0.74	-0.00124	-2.480098
0.75	-0.001191	-2.382418
0.76	-0.001148	-2.296947
0.77	-0.001069	-2.138217
0.78	-0.001002	-2.003907
0.79	-0.000903	-1.805371
0.8	-0.000809	-1.617148
0.81	-0.000658	-1.315259
0.82	-0.00055	-1.100148
0.83	-0.000386	-0.77137
0.84	-0.000276	-0.552592
0.85	-0.000135	-0.269036
0.86	-5.457961E-5	-0.109159
0.87	5.297605E-5	0.105952
0.88	0.000108	0.216319
0.89	0.000181	0.361631
0.9	0.000226	0.452076
0.91	0.000287	0.574298
0.92	0.000331	0.661076
0.93	0.000396	0.791854
0.94	0.000443	0.885965
0.95	0.000518	1.035077
0.96	0.000567	1.134077
0.97	0.000652	1.303966
0.98	0.000706	1.412744
0.99	0.000797	1.594855
1	0.000866	1.731744
1.01	0.000962	1.924855
1.02	0.001036	2.071522
1.03	0.001141	2.281807
1.04	0.00122	2.440537
1.05	0.001336	2.672527
1.06	0.00144	2.880098
1.07	0.001544	3.087668
1.08	0.001635	3.270818
1.09	0.00177	3.539438
1.1	0.001874	3.747009
1.11	0.002014	4.027839
1.12	0.002118	4.235409
1.13	0.00227	4.540659
1.14	0.002411	4.82149
1.15	0.002551	5.10232
1.16	0.002673	5.34652
1.17	0.002838	5.67619
1.18	0.002966	5.932601
1.19	0.003119	6.237851
1.2	0.003284	6.567521
1.21	0.003479	6.958242
1.22	0.003613	7.226862
1.23	0.003821	7.642002
1.24	0.003961	7.922833
1.25	0.004181	8.362393
1.26	0.004334	8.667643
1.27	0.00456	9.119414
1.28	0.004712	9.424664
1.29	0.00495	9.900855
1.3	0.005115	10.230525
1.31	0.005359	10.718926
1.32	0.00553	11.060806
1.33	0.005787	11.573626
1.34	0.005958	11.915507
1.35	0.006226	12.452747
1.36	0.00641	12.819048
1.37	0.006696	13.392918
1.38	0.006874	13.747009
1.39	0.007167	14.333089
1.4	0.007362	14.72381
1.41	0.007655	15.30989
1.42	0.007856	15.712821
1.43	0.008168	16.335531
1.44	0.008363	16.726252
1.45	0.008693	17.385592
1.46	0.0089	17.800733
1.47	0.009218	18.435653
1.48	0.00945	18.899634
1.49	0.009786	19.571184
1.5	0.010011	20.022955
1.51	0.010353	20.706716
1.52	0.010591	21.182906
1.53	0.010939	21.878877
1.54	0.011409	22.818071
1.55	0.011714	23.428571
1.56	0.012081	24.161172
1.57	0.012386	24.771673
1.58	0.01263	25.260073
1.59	0.012996	25.992674
1.6	0.013241	26.481074
1.61	0.013668	27.335775
1.62	0.013912	27.824176
1.63	0.014339	28.678877
1.64	0.014645	29.289377
1.65	0.015011	30.021978
1.66	0.015255	30.510379
1.67	0.015683	31.365079
1.68	0.015988	31.97558
1.69	0.016354	32.708181
1.7	0.01672	33.440781
1.71	0.017148	34.295482
1.72	0.017453	34.905983
1.73	0.01788	35.760684
1.74	0.018186	36.371184
1.75	0.018613	37.225885
1.76	0.018918	37.836386
1.77	0.019407	38.813187
1.78	0.019712	39.423687
1.79	0.020139	40.278388
1.8	0.020505	41.010989
1.81	0.020994	41.98779
1.82	0.021299	42.598291
1.83	0.021788	43.575092
1.84	0.022093	44.185592
1.85	0.022581	45.162393
1.86	0.022947	45.894994
1.87	0.023375	46.749695
1.88	0.023741	47.482295
1.89	0.02423	48.459096
1.9	0.024596	49.191697
1.91	0.025145	50.290598
1.92	0.025451	50.901099
1.93	0.026	52
1.94	0.026305	52.610501
1.95	0.026183	52.3663
1.96	0.026549	53.098901
1.97	0.027221	54.442002
1.98	0.027221	54.442002
1.99	0.027221	54.442002
