-0.01	-0.005092	-10.184615
0	-0.005092	-10.184615
0.01	-0.005086	-10.172405
0.02	-0.005086	-10.172405
0.03	-0.005086	-10.172405
0.04	-0.005086	-10.172405
0.05	-0.005086	-10.172405
0.06	-0.00508	-10.160195
0.07	-0.005074	-10.147985
0.08	-0.005074	-10.147985
0.09	-0.005074	-10.147985
0.1	-0.005074	-10.147985
0.11	-0.005068	-10.135775
0.12	-0.005068	-10.135775
0.13	-0.005062	-10.123565
0.14	-0.005062	-10.123565
0.15	-0.005062	-10.123565
0.16	-0.005056	-10.111355
0.17	-0.005056	-10.111355
0.18	-0.00505	-10.099145
0.19	-0.005043	-10.086935
0.2	-0.005043	-10.086935
0.21	-0.005037	-10.074725
0.22	-0.005037	-10.074725
0.23	-0.005031	-10.062515
0.24	-0.005025	-10.050305
0.25	-0.005019	-10.038095
0.26	-0.005019	-10.038095
0.27	-0.005013	-10.025885
0.28	-0.005007	-10.013675
0.29	-0.005001	-10.001465
0.3	-0.004995	-9.989255
0.31	-0.004989	-9.977045
0.32	-0.004982	-9.964835
0.33	-0.004976	-9.952625
0.34	-0.004976	-9.952625
0.35	-0.004964	-9.928205
0.36	-0.004958	-9.915995
0.37	-0.004952	-9.903785
0.38	-0.004946	-9.891575
0.39	-0.004934	-9.867155
0.4	-0.004927	-9.854945
0.41	-0.004915	-9.830525
0.42	-0.004909	-9.818315
0.43	-0.004891	-9.781685
0.44	-0.004885	-9.769475
0.45	-0.004873	-9.745055
0.46	-0.00486	-9.720635
0.47	-0.004848	-9.696215
0.48	-0.004836	-9.671795
0.49	-0.004818	-9.635165
0.5	-0.004799	-9.598535
0.51	-0.004781	-9.561905
0.52	-0.004763	-9.525275
0.53	-0.004738	-9.476435
0.54	-0.00472	-9.439805
0.55	-0.004689	-9.378755
0.56	-0.004653	-9.305495
0.57	-0.004622	-9.244444
0.58	-0.004586	-9.171184
0.59	-0.004531	-9.061294
0.6	-0.004488	-8.975824
0.61	-0.004409	-8.817094
0.62	-0.004347	-8.694994
0.63	-0.004244	-8.487424
0.64	-0.004158	-8.316484
0.65	-0.004012	-8.023443
0.66	-0.00389	-7.779243
0.67	-0.003688	-7.376313
0.68	-0.003536	-7.071062
0.69	-0.003267	-6.533822
0.7	-0.003065	-6.130891
0.71	-0.002736	-5.471551
0.72	-0.002485	-4.97094
0.73	-0.002076	-4.152869
0.74	-0.001802	-3.603419
0.75	-0.001319	-2.638828
0.76	-0.001007	-2.013149
0.77	-0.000484	-0.968148
0.78	-0.00011	-0.220147
0.79	0.000453	0.906743
0.8	0.000852	1.703633
0.81	0.00144	2.880098
0.82	0.001843	3.685958
0.83	0.002496	4.99243
0.84	0.002899	5.798291
0.85	0.003546	7.092552
0.86	0.003986	7.971673
0.87	0.004633	9.265934
0.88	0.005073	10.145055
0.89	0.005714	11.427106
0.9	0.006159	12.318437
0.91	0.006806	13.612698
0.92	0.007228	14.455189
0.93	0.007875	15.749451
0.94	0.008314	16.628571
0.95	0.008937	17.873993
0.96	0.009346	18.692063
0.97	0.009987	19.974115
0.98	0.010396	20.792186
0.99	0.010976	21.952137
1	0.011592	23.184371
1.01	0.012203	24.405372
1.02	0.012569	25.137973
1.03	0.013179	26.358974
1.04	0.013546	27.091575
1.05	0.014156	28.312576
1.06	0.014584	29.167277
1.07	0.015072	30.144078
1.08	0.015438	30.876679
1.09	0.015988	31.97558
1.1	0.016415	32.830281
1.11	0.016965	33.929182
1.12	0.017331	34.661783
1.13	0.01788	35.760684
1.14	0.018369	36.737485
1.15	0.018857	37.714286
1.16	0.019223	38.446886
1.17	0.019773	39.545788
1.18	0.020139	40.278388
1.19	0.020628	41.255189
1.2	0.021116	42.23199
1.21	0.021726	43.452991
1.22	0.022093	44.185592
1.23	0.022642	45.284493
1.24	0.02307	46.139194
1.25	0.023619	47.238095
1.26	0.024046	48.092796
1.27	0.024657	49.313797
1.28	0.025023	50.046398
1.29	0.025634	51.267399
1.3	0.026061	52.1221
1.31	0.026061	52.1221
1.32	0.026916	53.831502
1.33	0.026916	53.831502
1.34	0.026916	53.831502
1.35	0.026855	53.709402
1.36	0.026855	53.709402
1.37	0.026855	53.709402
1.38	0.026855	53.709402
1.39	0.026855	53.709402
1.4	0.026855	53.709402
1.41	0.026855	53.709402
1.42	0.026855	53.709402
1.43	0.026794	53.587302
1.44	0.026794	53.587302
1.45	0.026794	53.587302
1.46	0.026855	53.709402
1.47	0.026794	53.587302
1.48	0.026794	53.587302
1.49	0.026794	53.587302
1.5	0.026794	53.587302
1.51	0.026794	53.587302
1.52	0.026794	53.587302
1.53	0.026794	53.587302
1.54	0.026794	53.587302
1.55	0.026794	53.587302
1.56	0.026794	53.587302
1.57	0.026733	53.465201
1.58	0.026733	53.465201
1.59	0.026794	53.587302
1.6	0.026733	53.465201
1.61	0.026794	53.587302
1.62	0.026733	53.465201
1.63	0.026733	53.465201
1.64	0.026733	53.465201
1.65	0.026733	53.465201
1.66	0.026733	53.465201
1.67	0.026733	53.465201
1.68	0.026733	53.465201
1.69	0.026733	53.465201
1.7	0.026733	53.465201
1.71	0.026733	53.465201
1.72	0.026733	53.465201
1.73	0.026733	53.465201
1.74	0.026733	53.465201
1.75	0.026733	53.465201
1.76	0.026672	53.343101
1.77	0.026733	53.465201
1.78	0.026733	53.465201
1.79	0.026733	53.465201
1.8	0.026672	53.343101
1.81	0.026672	53.343101
1.82	0.026733	53.465201
1.83	0.026733	53.465201
1.84	0.026672	53.343101
1.85	0.026672	53.343101
1.86	0.026733	53.465201
1.87	0.026672	53.343101
1.88	0.026672	53.343101
1.89	0.026672	53.343101
1.9	0.026672	53.343101
1.91	0.026672	53.343101
1.92	0.026672	53.343101
1.93	0.026672	53.343101
1.94	0.026672	53.343101
1.95	0.026672	53.343101
1.96	0.026672	53.343101
1.97	0.026672	53.343101
1.98	0.026672	53.343101
1.99	0.026672	53.343101
