-0.01	-0.005709	-11.417827
0	-0.005703	-11.405617
0.01	-0.005703	-11.405617
0.02	-0.005703	-11.405617
0.03	-0.005697	-11.393407
0.04	-0.005691	-11.381197
0.05	-0.005684	-11.368987
0.06	-0.005684	-11.368987
0.07	-0.005678	-11.356777
0.08	-0.005672	-11.344567
0.09	-0.005672	-11.344567
0.1	-0.005666	-11.332357
0.11	-0.00566	-11.320147
0.12	-0.005654	-11.307937
0.13	-0.005648	-11.295726
0.14	-0.005642	-11.283516
0.15	-0.005636	-11.271306
0.16	-0.00563	-11.259096
0.17	-0.005623	-11.246886
0.18	-0.005617	-11.234676
0.19	-0.005611	-11.222466
0.2	-0.005605	-11.210256
0.21	-0.005593	-11.185836
0.22	-0.005587	-11.173626
0.23	-0.005575	-11.149206
0.24	-0.005568	-11.136996
0.25	-0.005556	-11.112576
0.26	-0.00555	-11.100366
0.27	-0.005538	-11.075946
0.28	-0.005526	-11.051526
0.29	-0.005507	-11.014896
0.3	-0.005501	-11.002686
0.31	-0.005483	-10.966056
0.32	-0.005465	-10.929426
0.33	-0.005446	-10.892796
0.34	-0.005428	-10.856166
0.35	-0.005404	-10.807326
0.36	-0.005385	-10.770696
0.37	-0.005349	-10.697436
0.38	-0.005324	-10.648596
0.39	-0.005282	-10.563126
0.4	-0.005251	-10.502076
0.41	-0.005196	-10.392186
0.42	-0.005153	-10.306716
0.43	-0.005074	-10.147985
0.44	-0.005019	-10.038095
0.45	-0.004921	-9.842735
0.46	-0.004848	-9.696215
0.47	-0.00472	-9.439805
0.48	-0.004622	-9.244444
0.49	-0.004445	-8.890354
0.5	-0.004323	-8.646154
0.51	-0.004103	-8.206593
0.52	-0.003938	-7.876923
0.53	-0.00367	-7.339683
0.54	-0.003462	-6.924542
0.55	-0.003126	-6.252991
0.56	-0.002821	-5.642491
0.57	-0.002498	-4.99536
0.58	-0.002217	-4.4337
0.59	-0.001777	-3.554579
0.6	-0.001448	-2.895238
0.61	-0.000949	-1.897037
0.62	-0.000604	-1.208926
0.63	-2.811847E-5	-0.056237
0.64	0.000354	0.707521
0.65	0.00097	1.940744
0.66	0.001373	2.745788
0.67	0.002014	4.027839
0.68	0.002472	4.94359
0.69	0.003131	6.262271
0.7	0.003607	7.214652
0.71	0.004322	8.643223
0.72	0.004779	9.558974
0.73	0.005518	11.036386
0.74	0.006019	12.037607
0.75	0.006758	13.515018
0.76	0.007301	14.601709
0.77	0.008082	16.164591
0.78	0.008589	17.178022
0.79	0.009383	18.765324
0.8	0.00992	19.839805
0.81	0.010714	21.427106
0.82	0.01147	22.940171
0.83	0.012264	24.527473
0.84	0.012813	25.626374
0.85	0.013668	27.335775
0.86	0.014217	28.434676
0.87	0.015072	30.144078
0.88	0.015621	31.242979
0.89	0.016476	32.952381
0.9	0.017026	34.051282
0.91	0.01788	35.760684
0.92	0.018491	36.981685
0.93	0.019346	38.691087
0.94	0.019956	39.912088
0.95	0.020811	41.62149
0.96	0.021421	42.842491
0.97	0.022276	44.551893
0.98	0.022825	45.650794
0.99	0.023741	47.482295
1	0.024291	48.581197
1.01	0.025206	50.412698
1.02	0.025756	51.5116
1.03	0.025817	51.6337
1.04	0.026855	53.709402
1.05	0.026794	53.587302
1.06	0.026794	53.587302
1.07	0.026794	53.587302
1.08	0.026794	53.587302
1.09	0.026794	53.587302
1.1	0.026794	53.587302
1.11	0.026794	53.587302
1.12	0.026733	53.465201
1.13	0.026733	53.465201
1.14	0.026733	53.465201
1.15	0.026794	53.587302
1.16	0.026733	53.465201
1.17	0.026733	53.465201
1.18	0.026733	53.465201
1.19	0.026733	53.465201
1.2	0.026733	53.465201
1.21	0.026733	53.465201
1.22	0.026733	53.465201
1.23	0.026733	53.465201
1.24	0.026672	53.343101
1.25	0.026672	53.343101
1.26	0.026672	53.343101
1.27	0.026672	53.343101
1.28	0.026672	53.343101
1.29	0.026672	53.343101
1.3	0.026672	53.343101
1.31	0.026672	53.343101
1.32	0.026672	53.343101
1.33	0.026672	53.343101
1.34	0.026672	53.343101
1.35	0.026611	53.221001
1.36	0.026672	53.343101
1.37	0.026611	53.221001
1.38	0.026611	53.221001
1.39	0.026611	53.221001
1.4	0.026672	53.343101
1.41	0.026611	53.221001
1.42	0.026611	53.221001
1.43	0.026672	53.343101
1.44	0.026611	53.221001
1.45	0.026611	53.221001
1.46	0.026611	53.221001
1.47	0.026611	53.221001
1.48	0.026611	53.221001
1.49	0.026611	53.221001
1.5	0.026611	53.221001
1.51	0.026611	53.221001
1.52	0.026611	53.221001
1.53	0.026611	53.221001
1.54	0.026611	53.221001
1.55	0.026549	53.098901
1.56	0.026611	53.221001
1.57	0.026549	53.098901
1.58	0.026611	53.221001
1.59	0.026549	53.098901
1.6	0.026549	53.098901
1.61	0.026549	53.098901
1.62	0.026549	53.098901
1.63	0.026549	53.098901
1.64	0.026549	53.098901
1.65	0.026611	53.221001
1.66	0.026549	53.098901
1.67	0.026549	53.098901
1.68	0.026549	53.098901
1.69	0.026549	53.098901
1.7	0.026549	53.098901
1.71	0.026549	53.098901
1.72	0.026549	53.098901
1.73	0.026549	53.098901
1.74	0.026549	53.098901
1.75	0.026549	53.098901
1.76	0.026549	53.098901
1.77	0.026549	53.098901
1.78	0.026549	53.098901
1.79	0.026549	53.098901
1.8	0.026549	53.098901
1.81	0.026488	52.976801
1.82	0.026549	53.098901
1.83	0.026549	53.098901
1.84	0.026488	52.976801
1.85	0.026488	52.976801
1.86	0.026549	53.098901
1.87	0.026488	52.976801
1.88	0.026488	52.976801
1.89	0.026488	52.976801
1.9	0.026488	52.976801
1.91	0.026488	52.976801
1.92	0.026488	52.976801
1.93	0.026549	53.098901
1.94	0.026488	52.976801
1.95	0.026488	52.976801
1.96	0.026488	52.976801
1.97	0.026488	52.976801
1.98	0.026488	52.976801
1.99	0.026488	52.976801
