-0.01	-0.003065	-6.130891
0	-0.003065	-6.130891
0.01	-0.003065	-6.130891
0.02	-0.003065	-6.130891
0.03	-0.003065	-6.130891
0.04	-0.003065	-6.130891
0.05	-0.003065	-6.130891
0.06	-0.003059	-6.118681
0.07	-0.003059	-6.118681
0.08	-0.003059	-6.118681
0.09	-0.003059	-6.118681
0.1	-0.003059	-6.118681
0.11	-0.003059	-6.118681
0.12	-0.003059	-6.118681
0.13	-0.003053	-6.106471
0.14	-0.003053	-6.106471
0.15	-0.003053	-6.106471
0.16	-0.003053	-6.106471
0.17	-0.003047	-6.094261
0.18	-0.003047	-6.094261
0.19	-0.003041	-6.082051
0.2	-0.003047	-6.094261
0.21	-0.003041	-6.082051
0.22	-0.003041	-6.082051
0.23	-0.003035	-6.069841
0.24	-0.003035	-6.069841
0.25	-0.003035	-6.069841
0.26	-0.003035	-6.069841
0.27	-0.003029	-6.057631
0.28	-0.003029	-6.057631
0.29	-0.003017	-6.033211
0.3	-0.003023	-6.045421
0.31	-0.003017	-6.033211
0.32	-0.003011	-6.021001
0.33	-0.003011	-6.021001
0.34	-0.003011	-6.021001
0.35	-0.003004	-6.008791
0.36	-0.002998	-5.996581
0.37	-0.002998	-5.996581
0.38	-0.002992	-5.984371
0.39	-0.002986	-5.972161
0.4	-0.002986	-5.972161
0.41	-0.00298	-5.959951
0.42	-0.002974	-5.947741
0.43	-0.002968	-5.935531
0.44	-0.002962	-5.923321
0.45	-0.002956	-5.911111
0.46	-0.002956	-5.911111
0.47	-0.002943	-5.886691
0.48	-0.002943	-5.886691
0.49	-0.002931	-5.862271
0.5	-0.002925	-5.850061
0.51	-0.002919	-5.837851
0.52	-0.002913	-5.825641
0.53	-0.002907	-5.813431
0.54	-0.002895	-5.789011
0.55	-0.002888	-5.776801
0.56	-0.002876	-5.752381
0.57	-0.002864	-5.727961
0.58	-0.002858	-5.715751
0.59	-0.002846	-5.691331
0.6	-0.002833	-5.666911
0.61	-0.002815	-5.630281
0.62	-0.002809	-5.618071
0.63	-0.002785	-5.569231
0.64	-0.002772	-5.544811
0.65	-0.002748	-5.495971
0.66	-0.002724	-5.447131
0.67	-0.002693	-5.386081
0.68	-0.002663	-5.325031
0.69	-0.00262	-5.23956
0.7	-0.002577	-5.15409
0.71	-0.002516	-5.03199
0.72	-0.002455	-4.90989
0.73	-0.002357	-4.71453
0.74	-0.002272	-4.54359
0.75	-0.002119	-4.238339
0.76	-0.002003	-4.006349
0.77	-0.001802	-3.603419
0.78	-0.001643	-3.285958
0.79	-0.001387	-2.773138
0.8	-0.001222	-2.443468
0.81	-0.000934	-1.868926
0.82	-0.000753	-1.505926
0.83	-0.00045	-0.900925
0.84	-0.000271	-0.541592
0.85	-1.290179E-5	-0.025804
0.86	0.00015	0.30052
0.87	0.000361	0.722187
0.88	0.000486	0.971521
0.89	0.000658	1.316188
0.9	0.00076	1.519077
0.91	0.00091	1.820966
0.92	0.00101	2.020189
0.93	0.001153	2.306227
0.94	0.001251	2.501587
0.95	0.00141	2.819048
0.96	0.001507	3.014408
0.97	0.001678	3.356288
0.98	0.001788	3.576068
0.99	0.001965	3.930159
1	0.002081	4.162149
1.01	0.002276	4.552869
1.02	0.002399	4.79707
1.03	0.0026	5.2
1.04	0.002728	5.45641
1.05	0.002942	5.883761
1.06	0.003119	6.237851
1.07	0.003308	6.616361
1.08	0.003455	6.909402
1.09	0.003693	7.385592
1.1	0.003845	7.690842
1.11	0.00409	8.179243
1.12	0.004254	8.508913
1.13	0.004511	9.021734
1.14	0.004725	9.449084
1.15	0.004957	9.913065
1.16	0.005127	10.254945
1.17	0.005408	10.816606
1.18	0.005604	11.207326
1.19	0.005836	11.671306
1.2	0.006086	12.171917
1.21	0.006391	12.782418
1.22	0.006593	13.185348
1.23	0.006904	13.808059
1.24	0.007112	14.223199
1.25	0.007429	14.85812
1.26	0.007649	15.29768
1.27	0.007979	15.957021
1.28	0.008211	16.421001
1.29	0.008552	17.104762
1.3	0.008784	17.568742
1.31	0.009132	18.264713
1.32	0.009383	18.765324
1.33	0.009718	19.436874
1.34	0.009987	19.974115
1.35	0.010353	20.706716
1.36	0.010604	21.207326
1.37	0.010976	21.952137
1.38	0.01147	22.940171
1.39	0.011836	23.672772
1.4	0.012081	24.161172
1.41	0.012508	25.015873
1.42	0.012813	25.626374
1.43	0.013179	26.358974
1.44	0.013485	26.969475
1.45	0.013912	27.824176
1.46	0.014156	28.312576
1.47	0.014584	29.167277
1.48	0.014889	29.777778
1.49	0.015316	30.632479
1.5	0.015621	31.242979
1.51	0.016049	32.09768
1.52	0.016354	32.708181
1.53	0.016842	33.684982
1.54	0.017148	34.295482
1.55	0.017636	35.272283
1.56	0.018002	36.004884
1.57	0.018369	36.737485
1.58	0.018735	37.470085
1.59	0.019162	38.324786
1.6	0.019529	39.057387
1.61	0.020017	40.034188
1.62	0.020322	40.644689
1.63	0.020811	41.62149
1.64	0.021238	42.47619
1.65	0.021604	43.208791
1.66	0.021971	43.941392
1.67	0.022459	44.918193
1.68	0.022825	45.650794
1.69	0.023253	46.505495
1.7	0.02368	47.360195
1.71	0.02423	48.459096
1.72	0.024596	49.191697
1.73	0.025084	50.168498
1.74	0.025451	50.901099
1.75	0.026	52
1.76	0.026366	52.732601
1.77	0.026244	52.4884
1.78	0.027099	54.197802
1.79	0.027099	54.197802
1.8	0.027099	54.197802
1.81	0.027099	54.197802
1.82	0.027099	54.197802
1.83	0.027099	54.197802
1.84	0.027099	54.197802
1.85	0.027099	54.197802
1.86	0.027038	54.075702
1.87	0.027099	54.197802
1.88	0.027038	54.075702
1.89	0.027038	54.075702
1.9	0.027038	54.075702
1.91	0.027038	54.075702
1.92	0.027038	54.075702
1.93	0.027038	54.075702
1.94	0.027038	54.075702
1.95	0.027038	54.075702
1.96	0.027038	54.075702
1.97	0.027038	54.075702
1.98	0.027038	54.075702
1.99	0.027038	54.075702
