-0.01	-0.005068	-10.135775
0	-0.005062	-10.123565
0.01	-0.005056	-10.111355
0.02	-0.00505	-10.099145
0.03	-0.005043	-10.086935
0.04	-0.005037	-10.074725
0.05	-0.005031	-10.062515
0.06	-0.005025	-10.050305
0.07	-0.005013	-10.025885
0.08	-0.005007	-10.013675
0.09	-0.005001	-10.001465
0.1	-0.004995	-9.989255
0.11	-0.004982	-9.964835
0.12	-0.00497	-9.940415
0.13	-0.004958	-9.915995
0.14	-0.004952	-9.903785
0.15	-0.00494	-9.879365
0.16	-0.004927	-9.854945
0.17	-0.004909	-9.818315
0.18	-0.004897	-9.793895
0.19	-0.004879	-9.757265
0.2	-0.00486	-9.720635
0.21	-0.004836	-9.671795
0.22	-0.004824	-9.647375
0.23	-0.004787	-9.574115
0.24	-0.004769	-9.537485
0.25	-0.004726	-9.452015
0.26	-0.004695	-9.390965
0.27	-0.004641	-9.281074
0.28	-0.004598	-9.195604
0.29	-0.004531	-9.061294
0.3	-0.004476	-8.951404
0.31	-0.00439	-8.780464
0.32	-0.004317	-8.633944
0.33	-0.004195	-8.389744
0.34	-0.004109	-8.218803
0.35	-0.003951	-7.901343
0.36	-0.003829	-7.657143
0.37	-0.003627	-7.254212
0.38	-0.003481	-6.961172
0.39	-0.003224	-6.448352
0.4	-0.003047	-6.094261
0.41	-0.002748	-5.495971
0.42	-0.002522	-5.0442
0.43	-0.002162	-4.32381
0.44	-0.001912	-3.823199
0.45	-0.001509	-3.017338
0.46	-0.001203	-2.406838
0.47	-0.000781	-1.562148
0.48	-0.000454	-0.907036
0.49	5.639828E-5	0.112797
0.5	0.000395	0.78941
0.51	0.000943	1.885744
0.52	0.001312	2.623687
0.53	0.001904	3.808059
0.54	0.002301	4.601709
0.55	0.002911	5.822711
0.56	0.00343	6.860562
0.57	0.003968	7.935043
0.58	0.004407	8.814164
0.59	0.005036	10.071795
0.6	0.0055	10.999756
0.61	0.006184	12.367277
0.62	0.00666	13.319658
0.63	0.007356	14.7116
0.64	0.007832	15.66398
0.65	0.008558	17.116972
0.66	0.009029	18.057143
0.67	0.009749	19.497924
0.68	0.010237	20.474725
0.69	0.010994	21.988767
0.7	0.011653	23.306471
0.71	0.012447	24.893773
0.72	0.012935	25.870574
0.73	0.013668	27.335775
0.74	0.014217	28.434676
0.75	0.015011	30.021978
0.76	0.015499	30.998779
0.77	0.016293	32.586081
0.78	0.016842	33.684982
0.79	0.017636	35.272283
0.8	0.018125	36.249084
0.81	0.018979	37.958486
0.82	0.019468	38.935287
0.83	0.020261	40.522589
0.84	0.020811	41.62149
0.85	0.021604	43.208791
0.86	0.022154	44.307692
0.87	0.022947	45.894994
0.88	0.023558	47.115995
0.89	0.024352	48.703297
0.9	0.024901	49.802198
0.91	0.025695	51.389499
0.92	0.025756	51.5116
0.93	0.026916	53.831502
0.94	0.026855	53.709402
0.95	0.026855	53.709402
0.96	0.026855	53.709402
0.97	0.026855	53.709402
0.98	0.026855	53.709402
0.99	0.026855	53.709402
1	0.026855	53.709402
1.01	0.026855	53.709402
1.02	0.026794	53.587302
1.03	0.026794	53.587302
1.04	0.026794	53.587302
1.05	0.026794	53.587302
1.06	0.026794	53.587302
1.07	0.026794	53.587302
1.08	0.026794	53.587302
1.09	0.026733	53.465201
1.1	0.026733	53.465201
1.11	0.026794	53.587302
1.12	0.026733	53.465201
1.13	0.026733	53.465201
1.14	0.026733	53.465201
1.15	0.026733	53.465201
1.16	0.026733	53.465201
1.17	0.026733	53.465201
1.18	0.026733	53.465201
1.19	0.026733	53.465201
1.2	0.026733	53.465201
1.21	0.026733	53.465201
1.22	0.026672	53.343101
1.23	0.026733	53.465201
1.24	0.026733	53.465201
1.25	0.026733	53.465201
1.26	0.026733	53.465201
1.27	0.026733	53.465201
1.28	0.026672	53.343101
1.29	0.026672	53.343101
1.3	0.026672	53.343101
1.31	0.026672	53.343101
1.32	0.026672	53.343101
1.33	0.026672	53.343101
1.34	0.026672	53.343101
1.35	0.026672	53.343101
1.36	0.026672	53.343101
1.37	0.026672	53.343101
1.38	0.026672	53.343101
1.39	0.026672	53.343101
1.4	0.026672	53.343101
1.41	0.026672	53.343101
1.42	0.026672	53.343101
1.43	0.026611	53.221001
1.44	0.026611	53.221001
1.45	0.026611	53.221001
1.46	0.026611	53.221001
1.47	0.026611	53.221001
1.48	0.026672	53.343101
1.49	0.026611	53.221001
1.5	0.026611	53.221001
1.51	0.026611	53.221001
1.52	0.026611	53.221001
1.53	0.026611	53.221001
1.54	0.026611	53.221001
1.55	0.026611	53.221001
1.56	0.026611	53.221001
1.57	0.026611	53.221001
1.58	0.026611	53.221001
1.59	0.026611	53.221001
1.6	0.026611	53.221001
1.61	0.026611	53.221001
1.62	0.026611	53.221001
1.63	0.026611	53.221001
1.64	0.026549	53.098901
1.65	0.026611	53.221001
1.66	0.026611	53.221001
1.67	0.026549	53.098901
1.68	0.026549	53.098901
1.69	0.026611	53.221001
1.7	0.026611	53.221001
1.71	0.026611	53.221001
1.72	0.026549	53.098901
1.73	0.026611	53.221001
1.74	0.026549	53.098901
1.75	0.026549	53.098901
1.76	0.026549	53.098901
1.77	0.026611	53.221001
1.78	0.026549	53.098901
1.79	0.026549	53.098901
1.8	0.026549	53.098901
1.81	0.026549	53.098901
1.82	0.026549	53.098901
1.83	0.026549	53.098901
1.84	0.026549	53.098901
1.85	0.026549	53.098901
1.86	0.026549	53.098901
1.87	0.026549	53.098901
1.88	0.026549	53.098901
1.89	0.026549	53.098901
1.9	0.026549	53.098901
1.91	0.026549	53.098901
1.92	0.026549	53.098901
1.93	0.026549	53.098901
1.94	0.026549	53.098901
1.95	0.026549	53.098901
1.96	0.026549	53.098901
1.97	0.026549	53.098901
1.98	0.026549	53.098901
1.99	0.026549	53.098901
