-0.01	-0.004463	-8.926984
0	-0.004463	-8.926984
0.01	-0.004463	-8.926984
0.02	-0.004463	-8.926984
0.03	-0.004457	-8.914774
0.04	-0.004451	-8.902564
0.05	-0.004451	-8.902564
0.06	-0.004451	-8.902564
0.07	-0.004445	-8.890354
0.08	-0.004439	-8.878144
0.09	-0.004439	-8.878144
0.1	-0.004439	-8.878144
0.11	-0.004433	-8.865934
0.12	-0.004427	-8.853724
0.13	-0.004421	-8.841514
0.14	-0.004421	-8.841514
0.15	-0.004415	-8.829304
0.16	-0.004409	-8.817094
0.17	-0.004409	-8.817094
0.18	-0.004396	-8.792674
0.19	-0.00439	-8.780464
0.2	-0.004384	-8.768254
0.21	-0.004384	-8.768254
0.22	-0.004378	-8.756044
0.23	-0.004366	-8.731624
0.24	-0.00436	-8.719414
0.25	-0.004354	-8.707204
0.26	-0.004347	-8.694994
0.27	-0.004335	-8.670574
0.28	-0.004329	-8.658364
0.29	-0.004317	-8.633944
0.3	-0.004311	-8.621734
0.31	-0.004299	-8.597314
0.32	-0.004286	-8.572894
0.33	-0.004268	-8.536264
0.34	-0.004256	-8.511844
0.35	-0.004238	-8.475214
0.36	-0.004225	-8.450794
0.37	-0.004201	-8.401954
0.38	-0.004183	-8.365324
0.39	-0.004152	-8.304274
0.4	-0.004122	-8.243223
0.41	-0.004085	-8.169963
0.42	-0.004054	-8.108913
0.43	-0.003993	-7.986813
0.44	-0.003951	-7.901343
0.45	-0.003877	-7.754823
0.46	-0.003822	-7.644933
0.47	-0.003719	-7.437363
0.48	-0.003645	-7.290842
0.49	-0.003505	-7.010012
0.5	-0.003401	-6.802442
0.51	-0.00323	-6.460562
0.52	-0.003102	-6.204151
0.53	-0.00287	-5.740171
0.54	-0.002699	-5.398291
0.55	-0.002412	-4.82442
0.56	-0.00215	-4.299389
0.57	-0.001869	-3.737729
0.58	-0.001619	-3.237118
0.59	-0.001203	-2.406838
0.6	-0.000934	-1.868926
0.61	-0.000461	-0.921703
0.62	-0.00014	-0.280036
0.63	0.000401	0.801632
0.64	0.000758	1.516633
0.65	0.001318	2.635897
0.66	0.001727	3.453968
0.67	0.002319	4.638339
0.68	0.002771	5.54188
0.69	0.003424	6.848352
0.7	0.003858	7.715263
0.71	0.004554	9.107204
0.72	0.005036	10.071795
0.73	0.005732	11.463736
0.74	0.006202	12.403907
0.75	0.006983	13.966789
0.76	0.007472	14.94359
0.77	0.008217	16.433211
0.78	0.008748	17.495482
0.79	0.009505	19.009524
0.8	0.010018	20.035165
0.81	0.01086	21.720147
0.82	0.011592	23.184371
0.83	0.012386	24.771673
0.84	0.012935	25.870574
0.85	0.013729	27.457875
0.86	0.014278	28.556777
0.87	0.015133	30.266178
0.88	0.015744	31.487179
0.89	0.016537	33.074481
0.9	0.017148	34.295482
0.91	0.017941	35.882784
0.92	0.018552	37.103785
0.93	0.019407	38.813187
0.94	0.019956	39.912088
0.95	0.020811	41.62149
0.96	0.021482	42.964591
0.97	0.022337	44.673993
0.98	0.022886	45.772894
0.99	0.023741	47.482295
1	0.024352	48.703297
1.01	0.025267	50.534799
1.02	0.025817	51.6337
1.03	0.025817	51.6337
1.04	0.026916	53.831502
1.05	0.026855	53.709402
1.06	0.026916	53.831502
1.07	0.026855	53.709402
1.08	0.026855	53.709402
1.09	0.026855	53.709402
1.1	0.026855	53.709402
1.11	0.026794	53.587302
1.12	0.026855	53.709402
1.13	0.026855	53.709402
1.14	0.026794	53.587302
1.15	0.026794	53.587302
1.16	0.026794	53.587302
1.17	0.026794	53.587302
1.18	0.026794	53.587302
1.19	0.026794	53.587302
1.2	0.026794	53.587302
1.21	0.026794	53.587302
1.22	0.026794	53.587302
1.23	0.026794	53.587302
1.24	0.026794	53.587302
1.25	0.026733	53.465201
1.26	0.026794	53.587302
1.27	0.026733	53.465201
1.28	0.026733	53.465201
1.29	0.026733	53.465201
1.3	0.026733	53.465201
1.31	0.026733	53.465201
1.32	0.026733	53.465201
1.33	0.026733	53.465201
1.34	0.026733	53.465201
1.35	0.026733	53.465201
1.36	0.026733	53.465201
1.37	0.026733	53.465201
1.38	0.026733	53.465201
1.39	0.026672	53.343101
1.4	0.026672	53.343101
1.41	0.026733	53.465201
1.42	0.026733	53.465201
1.43	0.026672	53.343101
1.44	0.026672	53.343101
1.45	0.026672	53.343101
1.46	0.026672	53.343101
1.47	0.026672	53.343101
1.48	0.026672	53.343101
1.49	0.026672	53.343101
1.5	0.026672	53.343101
1.51	0.026672	53.343101
1.52	0.026672	53.343101
1.53	0.026672	53.343101
1.54	0.026672	53.343101
1.55	0.026672	53.343101
1.56	0.026672	53.343101
1.57	0.026611	53.221001
1.58	0.026672	53.343101
1.59	0.026672	53.343101
1.6	0.026611	53.221001
1.61	0.026611	53.221001
1.62	0.026611	53.221001
1.63	0.026672	53.343101
1.64	0.026611	53.221001
1.65	0.026611	53.221001
1.66	0.026611	53.221001
1.67	0.026611	53.221001
1.68	0.026611	53.221001
1.69	0.026611	53.221001
1.7	0.026611	53.221001
1.71	0.026611	53.221001
1.72	0.026611	53.221001
1.73	0.026611	53.221001
1.74	0.026611	53.221001
1.75	0.026611	53.221001
1.76	0.026611	53.221001
1.77	0.026611	53.221001
1.78	0.026611	53.221001
1.79	0.026611	53.221001
1.8	0.026611	53.221001
1.81	0.026611	53.221001
1.82	0.026549	53.098901
1.83	0.026611	53.221001
1.84	0.026611	53.221001
1.85	0.026611	53.221001
1.86	0.026611	53.221001
1.87	0.026611	53.221001
1.88	0.026611	53.221001
1.89	0.026549	53.098901
1.9	0.026549	53.098901
1.91	0.026549	53.098901
1.92	0.026549	53.098901
1.93	0.026611	53.221001
1.94	0.026549	53.098901
1.95	0.026549	53.098901
1.96	0.026549	53.098901
1.97	0.026549	53.098901
1.98	0.026549	53.098901
1.99	0.026549	53.098901
