-0.01	-0.002357	-4.71453
0	-0.002357	-4.71453
0.01	-0.002357	-4.71453
0.02	-0.002357	-4.71453
0.03	-0.002351	-4.70232
0.04	-0.002351	-4.70232
0.05	-0.002345	-4.69011
0.06	-0.002345	-4.69011
0.07	-0.002345	-4.69011
0.08	-0.002345	-4.69011
0.09	-0.002339	-4.6779
0.1	-0.002339	-4.6779
0.11	-0.002333	-4.66569
0.12	-0.002333	-4.66569
0.13	-0.002333	-4.66569
0.14	-0.002327	-4.65348
0.15	-0.002327	-4.65348
0.16	-0.002327	-4.65348
0.17	-0.002321	-4.64127
0.18	-0.002315	-4.62906
0.19	-0.002315	-4.62906
0.2	-0.002308	-4.61685
0.21	-0.002302	-4.60464
0.22	-0.002302	-4.60464
0.23	-0.002296	-4.59243
0.24	-0.002296	-4.59243
0.25	-0.00229	-4.58022
0.26	-0.002284	-4.56801
0.27	-0.002278	-4.5558
0.28	-0.002272	-4.54359
0.29	-0.002266	-4.53138
0.3	-0.00226	-4.51917
0.31	-0.002253	-4.50696
0.32	-0.002241	-4.48254
0.33	-0.002235	-4.47033
0.34	-0.002223	-4.44591
0.35	-0.002211	-4.42149
0.36	-0.002199	-4.39707
0.37	-0.002186	-4.37265
0.38	-0.002168	-4.33602
0.39	-0.00215	-4.299389
0.4	-0.002125	-4.250549
0.41	-0.002095	-4.189499
0.42	-0.002076	-4.152869
0.43	-0.002028	-4.055189
0.44	-0.001997	-3.994139
0.45	-0.001936	-3.872039
0.46	-0.001887	-3.774359
0.47	-0.001808	-3.615629
0.48	-0.001741	-3.481319
0.49	-0.001631	-3.261538
0.5	-0.001545	-3.090598
0.51	-0.001387	-2.773138
0.52	-0.001277	-2.553358
0.53	-0.001069	-2.138217
0.54	-0.000945	-1.889704
0.55	-0.000676	-1.351926
0.56	-0.000428	-0.855703
0.57	-0.000158	-0.31548
0.58	4.759827E-5	0.095197
0.59	0.00043	0.859076
0.6	0.000713	1.426188
0.61	0.001129	2.257387
0.62	0.001471	2.941148
0.63	0.001965	3.930159
0.64	0.002313	4.626129
0.65	0.002863	5.725031
0.66	0.003235	6.469841
0.67	0.003852	7.703053
0.68	0.004248	8.496703
0.69	0.004871	9.742125
0.7	0.005305	10.609035
0.71	0.005994	11.988767
0.72	0.00644	12.880098
0.73	0.007118	14.235409
0.74	0.007618	15.23663
0.75	0.008357	16.714042
0.76	0.008839	17.678632
0.77	0.009566	19.131624
0.78	0.010091	20.181685
0.79	0.010842	21.683516
0.8	0.011531	23.062271
0.81	0.012325	24.649573
0.82	0.012874	25.748474
0.83	0.013668	27.335775
0.84	0.014217	28.434676
0.85	0.015072	30.144078
0.86	0.01556	31.120879
0.87	0.016415	32.830281
0.88	0.016965	33.929182
0.89	0.017819	35.638584
0.9	0.018369	36.737485
0.91	0.019162	38.324786
0.92	0.019773	39.545788
0.93	0.020628	41.255189
0.94	0.021177	42.35409
0.95	0.022032	44.063492
0.96	0.022642	45.284493
0.97	0.023436	46.871795
0.98	0.024046	48.092796
0.99	0.024901	49.802198
1	0.025451	50.901099
1.01	0.026366	52.732601
1.02	0.026061	52.1221
1.03	0.027099	54.197802
1.04	0.027099	54.197802
1.05	0.027038	54.075702
1.06	0.027038	54.075702
1.07	0.027038	54.075702
1.08	0.027038	54.075702
1.09	0.026977	53.953602
1.1	0.027038	54.075702
1.11	0.026977	53.953602
1.12	0.026977	53.953602
1.13	0.026977	53.953602
1.14	0.026977	53.953602
1.15	0.026977	53.953602
1.16	0.026977	53.953602
1.17	0.026977	53.953602
1.18	0.026916	53.831502
1.19	0.026977	53.953602
1.2	0.026977	53.953602
1.21	0.026977	53.953602
1.22	0.026916	53.831502
1.23	0.026916	53.831502
1.24	0.026916	53.831502
1.25	0.026916	53.831502
1.26	0.026916	53.831502
1.27	0.026916	53.831502
1.28	0.026916	53.831502
1.29	0.026916	53.831502
1.3	0.026916	53.831502
1.31	0.026916	53.831502
1.32	0.026855	53.709402
1.33	0.026855	53.709402
1.34	0.026916	53.831502
1.35	0.026855	53.709402
1.36	0.026855	53.709402
1.37	0.026855	53.709402
1.38	0.026855	53.709402
1.39	0.026855	53.709402
1.4	0.026855	53.709402
1.41	0.026855	53.709402
1.42	0.026855	53.709402
1.43	0.026855	53.709402
1.44	0.026855	53.709402
1.45	0.026855	53.709402
1.46	0.026794	53.587302
1.47	0.026794	53.587302
1.48	0.026855	53.709402
1.49	0.026794	53.587302
1.5	0.026794	53.587302
1.51	0.026855	53.709402
1.52	0.026855	53.709402
1.53	0.026794	53.587302
1.54	0.026794	53.587302
1.55	0.026794	53.587302
1.56	0.026794	53.587302
1.57	0.026794	53.587302
1.58	0.026794	53.587302
1.59	0.026794	53.587302
1.6	0.026794	53.587302
1.61	0.026794	53.587302
1.62	0.026794	53.587302
1.63	0.026794	53.587302
1.64	0.026794	53.587302
1.65	0.026794	53.587302
1.66	0.026794	53.587302
1.67	0.026794	53.587302
1.68	0.026794	53.587302
1.69	0.026794	53.587302
1.7	0.026794	53.587302
1.71	0.026794	53.587302
1.72	0.026794	53.587302
1.73	0.026794	53.587302
1.74	0.026794	53.587302
1.75	0.026794	53.587302
1.76	0.026733	53.465201
1.77	0.026733	53.465201
1.78	0.026794	53.587302
1.79	0.026733	53.465201
1.8	0.026733	53.465201
1.81	0.026733	53.465201
1.82	0.026733	53.465201
1.83	0.026733	53.465201
1.84	0.026733	53.465201
1.85	0.026733	53.465201
1.86	0.026733	53.465201
1.87	0.026733	53.465201
1.88	0.026733	53.465201
1.89	0.026733	53.465201
1.9	0.026733	53.465201
1.91	0.026733	53.465201
1.92	0.026733	53.465201
1.93	0.026733	53.465201
1.94	0.026733	53.465201
1.95	0.026733	53.465201
1.96	0.026733	53.465201
1.97	0.026672	53.343101
1.98	0.026733	53.465201
1.99	0.026733	53.465201
