-0.01	-0.006277	-12.553358
0	-0.006277	-12.553358
0.01	-0.006271	-12.541148
0.02	-0.006271	-12.541148
0.03	-0.006264	-12.528938
0.04	-0.006258	-12.516728
0.05	-0.006252	-12.504518
0.06	-0.006252	-12.504518
0.07	-0.00624	-12.480098
0.08	-0.00624	-12.480098
0.09	-0.006234	-12.467888
0.1	-0.006228	-12.455678
0.11	-0.006222	-12.443468
0.12	-0.006216	-12.431258
0.13	-0.006203	-12.406838
0.14	-0.006197	-12.394628
0.15	-0.006191	-12.382418
0.16	-0.006185	-12.370208
0.17	-0.006173	-12.345788
0.18	-0.006167	-12.333578
0.19	-0.006161	-12.321368
0.2	-0.006148	-12.296947
0.21	-0.006136	-12.272527
0.22	-0.00613	-12.260317
0.23	-0.006112	-12.223687
0.24	-0.006106	-12.211477
0.25	-0.006087	-12.174847
0.26	-0.006081	-12.162637
0.27	-0.006063	-12.126007
0.28	-0.006051	-12.101587
0.29	-0.006032	-12.064957
0.3	-0.006014	-12.028327
0.31	-0.00599	-11.979487
0.32	-0.005971	-11.942857
0.33	-0.005941	-11.881807
0.34	-0.005916	-11.832967
0.35	-0.00588	-11.759707
0.36	-0.005849	-11.698657
0.37	-0.0058	-11.600977
0.38	-0.005764	-11.527717
0.39	-0.005691	-11.381197
0.4	-0.005642	-11.283516
0.41	-0.005562	-11.124786
0.42	-0.005495	-10.990476
0.43	-0.005379	-10.758486
0.44	-0.005294	-10.587546
0.45	-0.005141	-10.282295
0.46	-0.005037	-10.074725
0.47	-0.004842	-9.684005
0.48	-0.004702	-9.403175
0.49	-0.004451	-8.902564
0.5	-0.00428	-8.560684
0.51	-0.003975	-7.950183
0.52	-0.003768	-7.535043
0.53	-0.003401	-6.802442
0.54	-0.003157	-6.314042
0.55	-0.00273	-5.459341
0.56	-0.002369	-4.73895
0.57	-0.001973	-3.945299
0.58	-0.001649	-3.298168
0.59	-0.001124	-2.248107
0.6	-0.000766	-1.532815
0.61	-0.000191	-0.38148
0.62	0.000197	0.393409
0.63	0.000816	1.631522
0.64	0.001232	2.464957
0.65	0.001874	3.747009
0.66	0.002319	4.638339
0.67	0.003003	6.005861
0.68	0.003455	6.909402
0.69	0.004181	8.362393
0.7	0.004657	9.314774
0.71	0.005402	10.804396
0.72	0.00586	11.720147
0.73	0.006629	13.258608
0.74	0.00713	14.259829
0.75	0.007899	15.798291
0.76	0.00843	16.860562
0.77	0.009212	18.423443
0.78	0.009755	19.510134
0.79	0.010524	21.048596
0.8	0.011226	22.45177
0.81	0.01202	24.039072
0.82	0.01263	25.260073
0.83	0.013424	26.847375
0.84	0.013973	27.946276
0.85	0.014828	29.655678
0.86	0.015377	30.754579
0.87	0.016232	32.46398
0.88	0.016842	33.684982
0.89	0.017697	35.394383
0.9	0.018247	36.493284
0.91	0.019101	38.202686
0.92	0.019712	39.423687
0.93	0.020505	41.010989
0.94	0.021116	42.23199
0.95	0.021971	43.941392
0.96	0.02252	45.040293
0.97	0.023375	46.749695
0.98	0.023985	47.970696
0.99	0.024901	49.802198
1	0.025451	50.901099
1.01	0.025512	51.023199
1.02	0.026061	52.1221
1.03	0.026794	53.587302
1.04	0.026794	53.587302
1.05	0.026733	53.465201
1.06	0.026733	53.465201
1.07	0.026733	53.465201
1.08	0.026733	53.465201
1.09	0.026733	53.465201
1.1	0.026733	53.465201
1.11	0.026733	53.465201
1.12	0.026733	53.465201
1.13	0.026733	53.465201
1.14	0.026672	53.343101
1.15	0.026733	53.465201
1.16	0.026672	53.343101
1.17	0.026672	53.343101
1.18	0.026733	53.465201
1.19	0.026672	53.343101
1.2	0.026672	53.343101
1.21	0.026672	53.343101
1.22	0.026672	53.343101
1.23	0.026672	53.343101
1.24	0.026672	53.343101
1.25	0.026611	53.221001
1.26	0.026611	53.221001
1.27	0.026611	53.221001
1.28	0.026611	53.221001
1.29	0.026611	53.221001
1.3	0.026611	53.221001
1.31	0.026611	53.221001
1.32	0.026611	53.221001
1.33	0.026611	53.221001
1.34	0.026611	53.221001
1.35	0.026611	53.221001
1.36	0.026611	53.221001
1.37	0.026549	53.098901
1.38	0.026611	53.221001
1.39	0.026611	53.221001
1.4	0.026611	53.221001
1.41	0.026611	53.221001
1.42	0.026549	53.098901
1.43	0.026549	53.098901
1.44	0.026549	53.098901
1.45	0.026549	53.098901
1.46	0.026549	53.098901
1.47	0.026549	53.098901
1.48	0.026549	53.098901
1.49	0.026549	53.098901
1.5	0.026549	53.098901
1.51	0.026549	53.098901
1.52	0.026549	53.098901
1.53	0.026549	53.098901
1.54	0.026549	53.098901
1.55	0.026549	53.098901
1.56	0.026549	53.098901
1.57	0.026549	53.098901
1.58	0.026549	53.098901
1.59	0.026549	53.098901
1.6	0.026549	53.098901
1.61	0.026549	53.098901
1.62	0.026549	53.098901
1.63	0.026549	53.098901
1.64	0.026488	52.976801
1.65	0.026549	53.098901
1.66	0.026488	52.976801
1.67	0.026488	52.976801
1.68	0.026549	53.098901
1.69	0.026488	52.976801
1.7	0.026488	52.976801
1.71	0.026488	52.976801
1.72	0.026549	53.098901
1.73	0.026488	52.976801
1.74	0.026488	52.976801
1.75	0.026488	52.976801
1.76	0.026488	52.976801
1.77	0.026488	52.976801
1.78	0.026488	52.976801
1.79	0.026488	52.976801
1.8	0.026488	52.976801
1.81	0.026488	52.976801
1.82	0.026488	52.976801
1.83	0.026488	52.976801
1.84	0.026488	52.976801
1.85	0.026488	52.976801
1.86	0.026488	52.976801
1.87	0.026488	52.976801
1.88	0.026488	52.976801
1.89	0.026488	52.976801
1.9	0.026488	52.976801
1.91	0.026488	52.976801
1.92	0.026488	52.976801
1.93	0.026427	52.854701
1.94	0.026488	52.976801
1.95	0.026488	52.976801
1.96	0.026488	52.976801
1.97	0.026488	52.976801
1.98	0.026488	52.976801
1.99	0.026488	52.976801
