-0.01	-0.000762	-1.524259
0	-0.000762	-1.524259
0.01	-0.000763	-1.525482
0.02	-0.000763	-1.525482
0.03	-0.000762	-1.524259
0.04	-0.000762	-1.523037
0.05	-0.000762	-1.524259
0.06	-0.000762	-1.523037
0.07	-0.000761	-1.521815
0.08	-0.000762	-1.523037
0.09	-0.000761	-1.521815
0.1	-0.000761	-1.521815
0.11	-0.000762	-1.523037
0.12	-0.000761	-1.521815
0.13	-0.000761	-1.521815
0.14	-0.00076	-1.520593
0.15	-0.00076	-1.51937
0.16	-0.00076	-1.51937
0.17	-0.000759	-1.518148
0.18	-0.000758	-1.515704
0.19	-0.000758	-1.516926
0.2	-0.000758	-1.515704
0.21	-0.000757	-1.514482
0.22	-0.000757	-1.514482
0.23	-0.000756	-1.512037
0.24	-0.000756	-1.512037
0.25	-0.000755	-1.509593
0.26	-0.000755	-1.509593
0.27	-0.000754	-1.50837
0.28	-0.000754	-1.507148
0.29	-0.000752	-1.504704
0.3	-0.000752	-1.503482
0.31	-0.000751	-1.502259
0.32	-0.000751	-1.501037
0.33	-0.000749	-1.498593
0.34	-0.000749	-1.49737
0.35	-0.000748	-1.496148
0.36	-0.000747	-1.494926
0.37	-0.000747	-1.493704
0.38	-0.000746	-1.491259
0.39	-0.000743	-1.48637
0.4	-0.000744	-1.488815
0.41	-0.000741	-1.482704
0.42	-0.000742	-1.483926
0.43	-0.00074	-1.480259
0.44	-0.00074	-1.479037
0.45	-0.000737	-1.474148
0.46	-0.000736	-1.471704
0.47	-0.000735	-1.469259
0.48	-0.000733	-1.466815
0.49	-0.000731	-1.461926
0.5	-0.00073	-1.460704
0.51	-0.000729	-1.457037
0.52	-0.000727	-1.45337
0.53	-0.000725	-1.449704
0.54	-0.000723	-1.446037
0.55	-0.000721	-1.44237
0.56	-0.000719	-1.438704
0.57	-0.000717	-1.433815
0.58	-0.000715	-1.430148
0.59	-0.000712	-1.424037
0.6	-0.00071	-1.42037
0.61	-0.000707	-1.413037
0.62	-0.000705	-1.410593
0.63	-0.0007	-1.400815
0.64	-0.000697	-1.393481
0.65	-0.000692	-1.384926
0.66	-0.000689	-1.377592
0.67	-0.000683	-1.36537
0.68	-0.000679	-1.358037
0.69	-0.000671	-1.342148
0.7	-0.000664	-1.328704
0.71	-0.000653	-1.305481
0.72	-0.000644	-1.287148
0.73	-0.000626	-1.251703
0.74	-0.000612	-1.223592
0.75	-0.000584	-1.168592
0.76	-0.000562	-1.124592
0.77	-0.000521	-1.041481
0.78	-0.000486	-0.971814
0.79	-0.000422	-0.843481
0.8	-0.000373	-0.745703
0.81	-0.000284	-0.567258
0.82	-0.000221	-0.442592
0.83	-0.000125	-0.250702
0.84	-6.570184E-5	-0.131404
0.85	2.321491E-5	0.04643
0.86	7.540385E-5	0.150808
0.87	0.000145	0.28952
0.88	0.000188	0.375076
0.89	0.000245	0.489965
0.9	0.000285	0.570632
0.91	0.000345	0.689187
0.92	0.000386	0.772299
0.93	0.000452	0.903076
0.94	0.000496	0.992299
0.95	0.000573	1.146299
0.96	0.000623	1.246521
0.97	0.000703	1.406633
0.98	0.000762	1.523966
0.99	0.000851	1.702411
1	0.000915	1.830744
1.01	0.001014	2.027522
1.02	0.001083	2.165633
1.03	0.00119	2.379487
1.04	0.001263	2.526007
1.05	0.001379	2.757998
1.06	0.001483	2.965568
1.07	0.001587	3.173138
1.08	0.001678	3.356288
1.09	0.001812	3.624908
1.1	0.001904	3.808059
1.11	0.002051	4.101099
1.12	0.002154	4.308669
1.13	0.002307	4.613919
1.14	0.002441	4.88254
1.15	0.002576	5.15116
1.16	0.002692	5.38315
1.17	0.002863	5.725031
1.18	0.002979	5.957021
1.19	0.003137	6.274481
1.2	0.003296	6.591941
1.21	0.003485	6.970452
1.22	0.003632	7.263492
1.23	0.003833	7.666422
1.24	0.003968	7.935043
1.25	0.004181	8.362393
1.26	0.004334	8.667643
1.27	0.00456	9.119414
1.28	0.004712	9.424664
1.29	0.00495	9.900855
1.3	0.005109	10.218315
1.31	0.005353	10.706716
1.32	0.005518	11.036386
1.33	0.005768	11.536996
1.34	0.005946	11.891087
1.35	0.006214	12.428327
1.36	0.006391	12.782418
1.37	0.00666	13.319658
1.38	0.006849	13.698168
1.39	0.007142	14.284249
1.4	0.007331	14.662759
1.41	0.007618	15.23663
1.42	0.007826	15.65177
1.43	0.008125	16.250061
1.44	0.00832	16.640781
1.45	0.00865	17.300122
1.46	0.008852	17.703053
1.47	0.009163	18.325763
1.48	0.009389	18.777534
1.49	0.009718	19.436874
1.5	0.009944	19.888645
1.51	0.010292	20.584615
1.52	0.010518	21.036386
1.53	0.010872	21.744567
1.54	0.011348	22.695971
1.55	0.011653	23.306471
1.56	0.011958	23.916972
1.57	0.012264	24.527473
1.58	0.012508	25.015873
1.59	0.012935	25.870574
1.6	0.013179	26.358974
1.61	0.013546	27.091575
1.62	0.013851	27.702076
1.63	0.014217	28.434676
1.64	0.014523	29.045177
1.65	0.014889	29.777778
1.66	0.015194	30.388278
1.67	0.015621	31.242979
1.68	0.015866	31.73138
1.69	0.016232	32.46398
1.7	0.016598	33.196581
1.71	0.017026	34.051282
1.72	0.017331	34.661783
1.73	0.017758	35.516484
1.74	0.018063	36.126984
1.75	0.018491	36.981685
1.76	0.018796	37.592186
1.77	0.019284	38.568987
1.78	0.01959	39.179487
1.79	0.020017	40.034188
1.8	0.020383	40.766789
1.81	0.020811	41.62149
1.82	0.021116	42.23199
1.83	0.021604	43.208791
1.84	0.021971	43.941392
1.85	0.022459	44.918193
1.86	0.022764	45.528694
1.87	0.023253	46.505495
1.88	0.023619	47.238095
1.89	0.024107	48.214896
1.9	0.024474	48.947497
1.91	0.024962	49.924298
1.92	0.025267	50.534799
1.93	0.025817	51.6337
1.94	0.026122	52.2442
1.95	0.026061	52.1221
1.96	0.026366	52.732601
1.97	0.027282	54.564103
1.98	0.027282	54.564103
1.99	0.027282	54.564103
