-0.01	-0.005098	-10.196825
0	-0.005098	-10.196825
0.01	-0.005092	-10.184615
0.02	-0.005098	-10.196825
0.03	-0.005092	-10.184615
0.04	-0.005092	-10.184615
0.05	-0.005092	-10.184615
0.06	-0.005086	-10.172405
0.07	-0.005086	-10.172405
0.08	-0.00508	-10.160195
0.09	-0.00508	-10.160195
0.1	-0.005074	-10.147985
0.11	-0.005074	-10.147985
0.12	-0.005068	-10.135775
0.13	-0.005068	-10.135775
0.14	-0.005062	-10.123565
0.15	-0.005062	-10.123565
0.16	-0.005056	-10.111355
0.17	-0.005056	-10.111355
0.18	-0.00505	-10.099145
0.19	-0.005043	-10.086935
0.2	-0.005037	-10.074725
0.21	-0.005037	-10.074725
0.22	-0.005031	-10.062515
0.23	-0.005025	-10.050305
0.24	-0.005019	-10.038095
0.25	-0.005013	-10.025885
0.26	-0.005007	-10.013675
0.27	-0.005001	-10.001465
0.28	-0.005001	-10.001465
0.29	-0.004989	-9.977045
0.3	-0.004989	-9.977045
0.31	-0.004976	-9.952625
0.32	-0.004976	-9.952625
0.33	-0.004964	-9.928205
0.34	-0.004952	-9.903785
0.35	-0.004946	-9.891575
0.36	-0.00494	-9.879365
0.37	-0.004927	-9.854945
0.38	-0.004921	-9.842735
0.39	-0.004903	-9.806105
0.4	-0.004897	-9.793895
0.41	-0.004885	-9.769475
0.42	-0.004873	-9.745055
0.43	-0.004848	-9.696215
0.44	-0.004836	-9.671795
0.45	-0.004818	-9.635165
0.46	-0.004799	-9.598535
0.47	-0.004775	-9.549695
0.48	-0.004757	-9.513065
0.49	-0.004726	-9.452015
0.5	-0.004695	-9.390965
0.51	-0.004653	-9.305495
0.52	-0.004622	-9.244444
0.53	-0.004561	-9.122344
0.54	-0.004518	-9.036874
0.55	-0.004439	-8.878144
0.56	-0.004372	-8.743834
0.57	-0.00428	-8.560684
0.58	-0.004195	-8.389744
0.59	-0.004054	-8.108913
0.6	-0.003945	-7.889133
0.61	-0.003755	-7.510623
0.62	-0.003603	-7.205372
0.63	-0.00334	-6.680342
0.64	-0.003169	-6.338462
0.65	-0.00284	-5.679121
0.66	-0.002614	-5.22735
0.67	-0.002229	-4.45812
0.68	-0.001936	-3.872039
0.69	-0.00149	-2.980708
0.7	-0.001167	-2.333578
0.71	-0.000658	-1.316481
0.72	-0.0003	-0.599036
0.73	0.000271	0.542521
0.74	0.000676	1.351632
0.75	0.001306	2.611477
0.76	0.001739	3.478388
0.77	0.002392	4.78486
0.78	0.00285	5.700611
0.79	0.003552	7.104762
0.8	0.00401	8.020513
0.81	0.004755	9.510134
0.82	0.005243	10.486935
0.83	0.005964	11.927717
0.84	0.006483	12.965568
0.85	0.007258	14.516239
0.86	0.007771	15.54188
0.87	0.008558	17.116972
0.88	0.009096	18.191453
0.89	0.009895	19.790965
0.9	0.010421	20.841026
0.91	0.011409	22.818071
0.92	0.011958	23.916972
0.93	0.012813	25.626374
0.94	0.013363	26.725275
0.95	0.014156	28.312576
0.96	0.014767	29.533578
0.97	0.01556	31.120879
0.98	0.016171	32.34188
0.99	0.016965	33.929182
1	0.017575	35.150183
1.01	0.018369	36.737485
1.02	0.018979	37.958486
1.03	0.019773	39.545788
1.04	0.020383	40.766789
1.05	0.021238	42.47619
1.06	0.021971	43.941392
1.07	0.022642	45.284493
1.08	0.023192	46.383394
1.09	0.024046	48.092796
1.1	0.024657	49.313797
1.11	0.025451	50.901099
1.12	0.026061	52.1221
1.13	0.026	52
1.14	0.026916	53.831502
1.15	0.026855	53.709402
1.16	0.026916	53.831502
1.17	0.026855	53.709402
1.18	0.026855	53.709402
1.19	0.026855	53.709402
1.2	0.026855	53.709402
1.21	0.026855	53.709402
1.22	0.026855	53.709402
1.23	0.026794	53.587302
1.24	0.026794	53.587302
1.25	0.026794	53.587302
1.26	0.026855	53.709402
1.27	0.026794	53.587302
1.28	0.026794	53.587302
1.29	0.026794	53.587302
1.3	0.026733	53.465201
1.31	0.026794	53.587302
1.32	0.026794	53.587302
1.33	0.026794	53.587302
1.34	0.026733	53.465201
1.35	0.026733	53.465201
1.36	0.026733	53.465201
1.37	0.026733	53.465201
1.38	0.026794	53.587302
1.39	0.026733	53.465201
1.4	0.026733	53.465201
1.41	0.026733	53.465201
1.42	0.026733	53.465201
1.43	0.026733	53.465201
1.44	0.026733	53.465201
1.45	0.026733	53.465201
1.46	0.026672	53.343101
1.47	0.026733	53.465201
1.48	0.026733	53.465201
1.49	0.026733	53.465201
1.5	0.026672	53.343101
1.51	0.026672	53.343101
1.52	0.026672	53.343101
1.53	0.026672	53.343101
1.54	0.026672	53.343101
1.55	0.026733	53.465201
1.56	0.026672	53.343101
1.57	0.026672	53.343101
1.58	0.026672	53.343101
1.59	0.026672	53.343101
1.6	0.026672	53.343101
1.61	0.026672	53.343101
1.62	0.026672	53.343101
1.63	0.026672	53.343101
1.64	0.026672	53.343101
1.65	0.026672	53.343101
1.66	0.026672	53.343101
1.67	0.026672	53.343101
1.68	0.026672	53.343101
1.69	0.026672	53.343101
1.7	0.026672	53.343101
1.71	0.026611	53.221001
1.72	0.026611	53.221001
1.73	0.026672	53.343101
1.74	0.026611	53.221001
1.75	0.026611	53.221001
1.76	0.026611	53.221001
1.77	0.026611	53.221001
1.78	0.026611	53.221001
1.79	0.026611	53.221001
1.8	0.026611	53.221001
1.81	0.026611	53.221001
1.82	0.026611	53.221001
1.83	0.026611	53.221001
1.84	0.026611	53.221001
1.85	0.026611	53.221001
1.86	0.026611	53.221001
1.87	0.026611	53.221001
1.88	0.026611	53.221001
1.89	0.026611	53.221001
1.9	0.026611	53.221001
1.91	0.026611	53.221001
1.92	0.026611	53.221001
1.93	0.026611	53.221001
1.94	0.026611	53.221001
1.95	0.026611	53.221001
1.96	0.026611	53.221001
1.97	0.026611	53.221001
1.98	0.026611	53.221001
1.99	0.026549	53.098901
