-0.01	-0.006252	-12.504518
0	-0.006252	-12.504518
0.01	-0.00624	-12.480098
0.02	-0.006234	-12.467888
0.03	-0.006228	-12.455678
0.04	-0.006228	-12.455678
0.05	-0.006216	-12.431258
0.06	-0.00621	-12.419048
0.07	-0.006203	-12.406838
0.08	-0.006197	-12.394628
0.09	-0.006185	-12.370208
0.1	-0.006179	-12.357998
0.11	-0.006167	-12.333578
0.12	-0.006161	-12.321368
0.13	-0.006148	-12.296947
0.14	-0.006142	-12.284737
0.15	-0.006124	-12.248107
0.16	-0.006118	-12.235897
0.17	-0.0061	-12.199267
0.18	-0.006087	-12.174847
0.19	-0.006069	-12.138217
0.2	-0.006057	-12.113797
0.21	-0.006039	-12.077167
0.22	-0.00602	-12.040537
0.23	-0.005996	-11.991697
0.24	-0.005978	-11.955067
0.25	-0.005941	-11.881807
0.26	-0.005916	-11.832967
0.27	-0.005874	-11.747497
0.28	-0.005849	-11.698657
0.29	-0.005794	-11.588767
0.3	-0.005752	-11.503297
0.31	-0.005684	-11.368987
0.32	-0.00563	-11.259096
0.33	-0.005544	-11.088156
0.34	-0.005477	-10.953846
0.35	-0.005361	-10.721856
0.36	-0.005263	-10.526496
0.37	-0.005111	-10.221245
0.38	-0.004995	-9.989255
0.39	-0.004799	-9.598535
0.4	-0.004653	-9.305495
0.41	-0.004409	-8.817094
0.42	-0.004238	-8.475214
0.43	-0.003932	-7.864713
0.44	-0.003713	-7.425153
0.45	-0.003358	-6.716972
0.46	-0.003108	-6.216361
0.47	-0.002705	-5.410501
0.48	-0.002418	-4.83663
0.49	-0.001967	-3.933089
0.5	-0.001649	-3.298168
0.51	-0.001136	-2.272527
0.52	-0.000826	-1.652593
0.53	-0.000276	-0.551369
0.54	0.000106	0.21252
0.55	0.000703	1.406633
0.56	0.00119	2.379487
0.57	0.001703	3.405128
0.58	0.002124	4.247619
0.59	0.002771	5.54188
0.6	0.003192	6.384371
0.61	0.003882	7.764103
0.62	0.004297	8.594383
0.63	0.005018	10.035165
0.64	0.005482	10.963126
0.65	0.006165	12.330647
0.66	0.006629	13.258608
0.67	0.007362	14.72381
0.68	0.007869	15.737241
0.69	0.008589	17.178022
0.7	0.009096	18.191453
0.71	0.009841	19.681074
0.72	0.010341	20.682295
0.73	0.011287	22.573871
0.74	0.011775	23.550672
0.75	0.012569	25.137973
0.76	0.013118	26.236874
0.77	0.013912	27.824176
0.78	0.0144	28.800977
0.79	0.015194	30.388278
0.8	0.015744	31.487179
0.81	0.016537	33.074481
0.82	0.017087	34.173382
0.83	0.01788	35.760684
0.84	0.01843	36.859585
0.85	0.019223	38.446886
0.86	0.019773	39.545788
0.87	0.020628	41.255189
0.88	0.021116	42.23199
0.89	0.021971	43.941392
0.9	0.022459	44.918193
0.91	0.023314	46.627595
0.92	0.023863	47.726496
0.93	0.024718	49.435897
0.94	0.025267	50.534799
0.95	0.026061	52.1221
0.96	0.025756	51.5116
0.97	0.026794	53.587302
0.98	0.026733	53.465201
0.99	0.026733	53.465201
1	0.026733	53.465201
1.01	0.026733	53.465201
1.02	0.026733	53.465201
1.03	0.026733	53.465201
1.04	0.026733	53.465201
1.05	0.026733	53.465201
1.06	0.026733	53.465201
1.07	0.026733	53.465201
1.08	0.026672	53.343101
1.09	0.026733	53.465201
1.1	0.026672	53.343101
1.11	0.026672	53.343101
1.12	0.026672	53.343101
1.13	0.026672	53.343101
1.14	0.026672	53.343101
1.15	0.026672	53.343101
1.16	0.026672	53.343101
1.17	0.026611	53.221001
1.18	0.026672	53.343101
1.19	0.026611	53.221001
1.2	0.026611	53.221001
1.21	0.026611	53.221001
1.22	0.026611	53.221001
1.23	0.026611	53.221001
1.24	0.026611	53.221001
1.25	0.026611	53.221001
1.26	0.026611	53.221001
1.27	0.026611	53.221001
1.28	0.026611	53.221001
1.29	0.026611	53.221001
1.3	0.026611	53.221001
1.31	0.026611	53.221001
1.32	0.026549	53.098901
1.33	0.026549	53.098901
1.34	0.026611	53.221001
1.35	0.026549	53.098901
1.36	0.026611	53.221001
1.37	0.026549	53.098901
1.38	0.026549	53.098901
1.39	0.026611	53.221001
1.4	0.026549	53.098901
1.41	0.026549	53.098901
1.42	0.026549	53.098901
1.43	0.026549	53.098901
1.44	0.026549	53.098901
1.45	0.026549	53.098901
1.46	0.026549	53.098901
1.47	0.026549	53.098901
1.48	0.026549	53.098901
1.49	0.026549	53.098901
1.5	0.026549	53.098901
1.51	0.026549	53.098901
1.52	0.026549	53.098901
1.53	0.026549	53.098901
1.54	0.026549	53.098901
1.55	0.026549	53.098901
1.56	0.026549	53.098901
1.57	0.026549	53.098901
1.58	0.026549	53.098901
1.59	0.026488	52.976801
1.6	0.026488	52.976801
1.61	0.026549	53.098901
1.62	0.026488	52.976801
1.63	0.026488	52.976801
1.64	0.026488	52.976801
1.65	0.026488	52.976801
1.66	0.026488	52.976801
1.67	0.026488	52.976801
1.68	0.026549	53.098901
1.69	0.026488	52.976801
1.7	0.026488	52.976801
1.71	0.026488	52.976801
1.72	0.026488	52.976801
1.73	0.026488	52.976801
1.74	0.026488	52.976801
1.75	0.026488	52.976801
1.76	0.026488	52.976801
1.77	0.026488	52.976801
1.78	0.026488	52.976801
1.79	0.026488	52.976801
1.8	0.026488	52.976801
1.81	0.026488	52.976801
1.82	0.026488	52.976801
1.83	0.026488	52.976801
1.84	0.026488	52.976801
1.85	0.026488	52.976801
1.86	0.026488	52.976801
1.87	0.026488	52.976801
1.88	0.026488	52.976801
1.89	0.026488	52.976801
1.9	0.026488	52.976801
1.91	0.026488	52.976801
1.92	0.026488	52.976801
1.93	0.026488	52.976801
1.94	0.026488	52.976801
1.95	0.026427	52.854701
1.96	0.026427	52.854701
1.97	0.026488	52.976801
1.98	0.026488	52.976801
1.99	0.026427	52.854701
