-0.01	-0.004445	-8.890354
0	-0.004439	-8.878144
0.01	-0.004439	-8.878144
0.02	-0.004433	-8.865934
0.03	-0.004427	-8.853724
0.04	-0.004427	-8.853724
0.05	-0.004415	-8.829304
0.06	-0.004409	-8.817094
0.07	-0.004402	-8.804884
0.08	-0.004396	-8.792674
0.09	-0.00439	-8.780464
0.1	-0.004384	-8.768254
0.11	-0.004378	-8.756044
0.12	-0.004372	-8.743834
0.13	-0.00436	-8.719414
0.14	-0.004354	-8.707204
0.15	-0.004347	-8.694994
0.16	-0.004335	-8.670574
0.17	-0.004323	-8.646154
0.18	-0.004317	-8.633944
0.19	-0.004299	-8.597314
0.2	-0.004293	-8.585104
0.21	-0.004274	-8.548474
0.22	-0.004262	-8.524054
0.23	-0.004238	-8.475214
0.24	-0.004219	-8.438584
0.25	-0.004195	-8.389744
0.26	-0.004177	-8.353114
0.27	-0.00414	-8.279853
0.28	-0.004116	-8.231013
0.29	-0.004067	-8.133333
0.3	-0.00403	-8.060073
0.31	-0.003975	-7.950183
0.32	-0.003932	-7.864713
0.33	-0.003847	-7.693773
0.34	-0.003786	-7.571673
0.35	-0.003682	-7.364103
0.36	-0.003597	-7.193162
0.37	-0.003462	-6.924542
0.38	-0.003352	-6.704762
0.39	-0.003175	-6.350672
0.4	-0.003035	-6.069841
0.41	-0.002809	-5.618071
0.42	-0.002644	-5.2884
0.43	-0.002357	-4.71453
0.44	-0.002156	-4.3116
0.45	-0.00182	-3.640049
0.46	-0.001582	-3.163858
0.47	-0.001191	-2.382418
0.48	-0.000941	-1.881149
0.49	-0.000485	-0.96937
0.5	-0.000174	-0.34848
0.51	0.000316	0.631743
0.52	0.000657	1.313744
0.53	0.001178	2.355067
0.54	0.001532	3.063248
0.55	0.002112	4.223199
0.56	0.002612	5.22442
0.57	0.003101	6.201221
0.58	0.003534	7.068132
0.59	0.004163	8.325763
0.6	0.004578	9.156044
0.61	0.005231	10.462515
0.62	0.005689	11.378266
0.63	0.006373	12.745788
0.64	0.006812	13.624908
0.65	0.007533	15.06569
0.66	0.008003	16.005861
0.67	0.008681	17.361172
0.68	0.009187	18.374603
0.69	0.009902	19.803175
0.7	0.010421	20.841026
0.71	0.011348	22.695971
0.72	0.011836	23.672772
0.73	0.012569	25.137973
0.74	0.013118	26.236874
0.75	0.013912	27.824176
0.76	0.0144	28.800977
0.77	0.015194	30.388278
0.78	0.015683	31.365079
0.79	0.016476	32.952381
0.8	0.017026	34.051282
0.81	0.017819	35.638584
0.82	0.018369	36.737485
0.83	0.019162	38.324786
0.84	0.019651	39.301587
0.85	0.020444	40.888889
0.86	0.020994	41.98779
0.87	0.021849	43.697192
0.88	0.022337	44.673993
0.89	0.023192	46.383394
0.9	0.02368	47.360195
0.91	0.024535	49.069597
0.92	0.025084	50.168498
0.93	0.025878	51.7558
0.94	0.025695	51.389499
0.95	0.026916	53.831502
0.96	0.026916	53.831502
0.97	0.026855	53.709402
0.98	0.026916	53.831502
0.99	0.026855	53.709402
1	0.026855	53.709402
1.01	0.026855	53.709402
1.02	0.026855	53.709402
1.03	0.026855	53.709402
1.04	0.026855	53.709402
1.05	0.026794	53.587302
1.06	0.026794	53.587302
1.07	0.026794	53.587302
1.08	0.026794	53.587302
1.09	0.026794	53.587302
1.1	0.026794	53.587302
1.11	0.026794	53.587302
1.12	0.026794	53.587302
1.13	0.026794	53.587302
1.14	0.026794	53.587302
1.15	0.026794	53.587302
1.16	0.026794	53.587302
1.17	0.026794	53.587302
1.18	0.026794	53.587302
1.19	0.026733	53.465201
1.2	0.026733	53.465201
1.21	0.026733	53.465201
1.22	0.026733	53.465201
1.23	0.026794	53.587302
1.24	0.026733	53.465201
1.25	0.026733	53.465201
1.26	0.026733	53.465201
1.27	0.026733	53.465201
1.28	0.026733	53.465201
1.29	0.026733	53.465201
1.3	0.026733	53.465201
1.31	0.026733	53.465201
1.32	0.026733	53.465201
1.33	0.026733	53.465201
1.34	0.026672	53.343101
1.35	0.026672	53.343101
1.36	0.026733	53.465201
1.37	0.026733	53.465201
1.38	0.026672	53.343101
1.39	0.026672	53.343101
1.4	0.026672	53.343101
1.41	0.026672	53.343101
1.42	0.026672	53.343101
1.43	0.026672	53.343101
1.44	0.026733	53.465201
1.45	0.026672	53.343101
1.46	0.026672	53.343101
1.47	0.026672	53.343101
1.48	0.026672	53.343101
1.49	0.026672	53.343101
1.5	0.026672	53.343101
1.51	0.026672	53.343101
1.52	0.026672	53.343101
1.53	0.026611	53.221001
1.54	0.026672	53.343101
1.55	0.026672	53.343101
1.56	0.026672	53.343101
1.57	0.026672	53.343101
1.58	0.026672	53.343101
1.59	0.026672	53.343101
1.6	0.026611	53.221001
1.61	0.026611	53.221001
1.62	0.026672	53.343101
1.63	0.026611	53.221001
1.64	0.026611	53.221001
1.65	0.026611	53.221001
1.66	0.026611	53.221001
1.67	0.026611	53.221001
1.68	0.026611	53.221001
1.69	0.026611	53.221001
1.7	0.026611	53.221001
1.71	0.026611	53.221001
1.72	0.026611	53.221001
1.73	0.026611	53.221001
1.74	0.026611	53.221001
1.75	0.026611	53.221001
1.76	0.026611	53.221001
1.77	0.026611	53.221001
1.78	0.026611	53.221001
1.79	0.026611	53.221001
1.8	0.026611	53.221001
1.81	0.026611	53.221001
1.82	0.026611	53.221001
1.83	0.026611	53.221001
1.84	0.026611	53.221001
1.85	0.026611	53.221001
1.86	0.026549	53.098901
1.87	0.026549	53.098901
1.88	0.026611	53.221001
1.89	0.026611	53.221001
1.9	0.026549	53.098901
1.91	0.026549	53.098901
1.92	0.026611	53.221001
1.93	0.026611	53.221001
1.94	0.026549	53.098901
1.95	0.026549	53.098901
1.96	0.026611	53.221001
1.97	0.026611	53.221001
1.98	0.026549	53.098901
1.99	0.026549	53.098901
