-0.01	-8.226297E-5	-0.164526
0	-8.214075E-5	-0.164281
0.01	-8.116297E-5	-0.162326
0.02	-8.116297E-5	-0.162326
0.03	-8.061297E-5	-0.161226
0.04	-8.02463E-5	-0.160493
0.05	-7.975741E-5	-0.159515
0.06	-7.91463E-5	-0.158293
0.07	-7.896297E-5	-0.157926
0.08	-7.853519E-5	-0.15707
0.09	-7.786297E-5	-0.155726
0.1	-7.725186E-5	-0.154504
0.11	-7.657963E-5	-0.153159
0.12	-7.645741E-5	-0.152915
0.13	-7.547963E-5	-0.150959
0.14	-7.535741E-5	-0.150715
0.15	-7.41963E-5	-0.148393
0.16	-7.407407E-5	-0.148148
0.17	-7.303518E-5	-0.14607
0.18	-7.272963E-5	-0.145459
0.19	-7.162963E-5	-0.143259
0.2	-7.120185E-5	-0.142404
0.21	-7.004074E-5	-0.140081
0.22	-6.955185E-5	-0.139104
0.23	-6.857407E-5	-0.137148
0.24	-6.802407E-5	-0.136048
0.25	-6.71074E-5	-0.134215
0.26	-6.60074E-5	-0.132015
0.27	-6.527407E-5	-0.130548
0.28	-6.441851E-5	-0.128837
0.29	-6.313517E-5	-0.12627
0.3	-6.191295E-5	-0.123826
0.31	-6.099628E-5	-0.121993
0.32	-5.916295E-5	-0.118326
0.33	-5.787961E-5	-0.115759
0.34	-5.635183E-5	-0.112704
0.35	-5.415183E-5	-0.108304
0.36	-5.237961E-5	-0.104759
0.37	-4.981294E-5	-0.099626
0.38	-4.791849E-5	-0.095837
0.39	-4.388515E-5	-0.08777
0.4	-4.113515E-5	-0.08227
0.41	-3.64907E-5	-0.072981
0.42	-3.294626E-5	-0.065893
0.43	-2.616292E-5	-0.052326
0.44	-2.029624E-5	-0.040592
0.45	-1.064068E-5	-0.021281
0.46	-2.923477E-6	-0.005847
0.47	1.123712E-5	0.022474
0.48	2.352047E-5	0.047041
0.49	4.545938E-5	0.090919
0.5	6.25094E-5	0.125019
0.51	9.593721E-5	0.191874
0.52	0.000121	0.241854
0.53	0.000171	0.342076
0.54	0.00021	0.419076
0.55	0.000283	0.565743
0.56	0.000356	0.71241
0.57	0.000447	0.893299
0.58	0.000525	1.050965
0.59	0.000676	1.352855
0.6	0.000793	1.585077
0.61	0.000995	1.990855
0.62	0.001147	2.294017
0.63	0.00141	2.819048
0.64	0.001611	3.221978
0.65	0.001953	3.905739
0.66	0.002203	4.406349
0.67	0.002606	5.21221
0.68	0.002893	5.786081
0.69	0.003375	6.750672
0.7	0.003717	7.434432
0.71	0.004248	8.496703
0.72	0.004621	9.241514
0.73	0.005219	10.438095
0.74	0.005628	11.256166
0.75	0.006269	12.538217
0.76	0.006709	13.417338
0.77	0.007386	14.77265
0.78	0.007856	15.712821
0.79	0.00854	17.080342
0.8	0.009035	18.069353
0.81	0.009779	19.558974
0.82	0.010262	20.523565
0.83	0.011226	22.45177
0.84	0.011714	23.428571
0.85	0.012508	25.015873
0.86	0.013057	26.114774
0.87	0.013851	27.702076
0.88	0.0144	28.800977
0.89	0.015194	30.388278
0.9	0.015805	31.60928
0.91	0.016598	33.196581
0.92	0.017148	34.295482
0.93	0.018002	36.004884
0.94	0.018613	37.225885
0.95	0.019407	38.813187
0.96	0.020017	40.034188
0.97	0.020872	41.74359
0.98	0.021421	42.842491
0.99	0.022276	44.551893
1	0.022886	45.772894
1.01	0.023741	47.482295
1.02	0.024291	48.581197
1.03	0.025145	50.290598
1.04	0.025817	51.6337
1.05	0.026611	53.221001
1.06	0.026672	53.343101
1.07	0.027343	54.686203
1.08	0.027343	54.686203
1.09	0.027282	54.564103
1.1	0.027343	54.686203
1.11	0.027282	54.564103
1.12	0.027282	54.564103
1.13	0.027282	54.564103
1.14	0.027282	54.564103
1.15	0.027282	54.564103
1.16	0.027282	54.564103
1.17	0.027221	54.442002
1.18	0.027221	54.442002
1.19	0.027221	54.442002
1.2	0.027221	54.442002
1.21	0.027221	54.442002
1.22	0.027221	54.442002
1.23	0.027221	54.442002
1.24	0.02716	54.319902
1.25	0.02716	54.319902
1.26	0.02716	54.319902
1.27	0.027221	54.442002
1.28	0.02716	54.319902
1.29	0.02716	54.319902
1.3	0.02716	54.319902
1.31	0.02716	54.319902
1.32	0.02716	54.319902
1.33	0.02716	54.319902
1.34	0.02716	54.319902
1.35	0.02716	54.319902
1.36	0.027099	54.197802
1.37	0.027099	54.197802
1.38	0.027099	54.197802
1.39	0.027099	54.197802
1.4	0.027099	54.197802
1.41	0.027099	54.197802
1.42	0.027099	54.197802
1.43	0.027099	54.197802
1.44	0.027099	54.197802
1.45	0.027099	54.197802
1.46	0.027099	54.197802
1.47	0.027099	54.197802
1.48	0.027099	54.197802
1.49	0.027038	54.075702
1.5	0.027099	54.197802
1.51	0.027099	54.197802
1.52	0.027038	54.075702
1.53	0.027038	54.075702
1.54	0.027038	54.075702
1.55	0.027038	54.075702
1.56	0.027038	54.075702
1.57	0.027038	54.075702
1.58	0.027038	54.075702
1.59	0.027038	54.075702
1.6	0.027038	54.075702
1.61	0.027038	54.075702
1.62	0.027038	54.075702
1.63	0.027038	54.075702
1.64	0.027038	54.075702
1.65	0.027038	54.075702
1.66	0.027038	54.075702
1.67	0.027038	54.075702
1.68	0.027038	54.075702
1.69	0.027038	54.075702
1.7	0.027038	54.075702
1.71	0.027038	54.075702
1.72	0.026977	53.953602
1.73	0.026977	53.953602
1.74	0.026977	53.953602
1.75	0.026977	53.953602
1.76	0.027038	54.075702
1.77	0.026977	53.953602
1.78	0.026977	53.953602
1.79	0.026977	53.953602
1.8	0.026977	53.953602
1.81	0.026977	53.953602
1.82	0.026977	53.953602
1.83	0.026977	53.953602
1.84	0.026977	53.953602
1.85	0.026977	53.953602
1.86	0.026977	53.953602
1.87	0.026977	53.953602
1.88	0.026977	53.953602
1.89	0.026977	53.953602
1.9	0.026977	53.953602
1.91	0.026977	53.953602
1.92	0.026916	53.831502
1.93	0.026977	53.953602
1.94	0.026916	53.831502
1.95	0.026916	53.831502
1.96	0.026916	53.831502
1.97	0.026977	53.953602
1.98	0.026916	53.831502
1.99	0.026977	53.953602
