-0.01	-0.006216	-12.431258
0	-0.006216	-12.431258
0.01	-0.006216	-12.431258
0.02	-0.006216	-12.431258
0.03	-0.00621	-12.419048
0.04	-0.00621	-12.419048
0.05	-0.006203	-12.406838
0.06	-0.006203	-12.406838
0.07	-0.006203	-12.406838
0.08	-0.006197	-12.394628
0.09	-0.006191	-12.382418
0.1	-0.006191	-12.382418
0.11	-0.006191	-12.382418
0.12	-0.006185	-12.370208
0.13	-0.006185	-12.370208
0.14	-0.006179	-12.357998
0.15	-0.006173	-12.345788
0.16	-0.006167	-12.333578
0.17	-0.006161	-12.321368
0.18	-0.006161	-12.321368
0.19	-0.006155	-12.309158
0.2	-0.006155	-12.309158
0.21	-0.006142	-12.284737
0.22	-0.006142	-12.284737
0.23	-0.006136	-12.272527
0.24	-0.00613	-12.260317
0.25	-0.006124	-12.248107
0.26	-0.006118	-12.235897
0.27	-0.006106	-12.211477
0.28	-0.006106	-12.211477
0.29	-0.006094	-12.187057
0.3	-0.006087	-12.174847
0.31	-0.006081	-12.162637
0.32	-0.006075	-12.150427
0.33	-0.006063	-12.126007
0.34	-0.006057	-12.113797
0.35	-0.006045	-12.089377
0.36	-0.006032	-12.064957
0.37	-0.00602	-12.040537
0.38	-0.006014	-12.028327
0.39	-0.006002	-12.003907
0.4	-0.00599	-11.979487
0.41	-0.005971	-11.942857
0.42	-0.005965	-11.930647
0.43	-0.005947	-11.894017
0.44	-0.005941	-11.881807
0.45	-0.005923	-11.845177
0.46	-0.00591	-11.820757
0.47	-0.005892	-11.784127
0.48	-0.005874	-11.747497
0.49	-0.005855	-11.710867
0.5	-0.005849	-11.698657
0.51	-0.005825	-11.649817
0.52	-0.005813	-11.625397
0.53	-0.005788	-11.576557
0.54	-0.00577	-11.539927
0.55	-0.005746	-11.491087
0.56	-0.005721	-11.442247
0.57	-0.005703	-11.405617
0.58	-0.005684	-11.368987
0.59	-0.005654	-11.307937
0.6	-0.00563	-11.259096
0.61	-0.005599	-11.198046
0.62	-0.005568	-11.136996
0.63	-0.005526	-11.051526
0.64	-0.005489	-10.978266
0.65	-0.00544	-10.880586
0.66	-0.005398	-10.795116
0.67	-0.005324	-10.648596
0.68	-0.005269	-10.538706
0.69	-0.005166	-10.331136
0.7	-0.00508	-10.160195
0.71	-0.004921	-9.842735
0.72	-0.004805	-9.610745
0.73	-0.004579	-9.158974
0.74	-0.004415	-8.829304
0.75	-0.004116	-8.231013
0.76	-0.003902	-7.803663
0.77	-0.003529	-7.058852
0.78	-0.003279	-6.558242
0.79	-0.002876	-5.752381
0.8	-0.002595	-5.19072
0.81	-0.002186	-4.37265
0.82	-0.001899	-3.798779
0.83	-0.00149	-2.980708
0.84	-0.00124	-2.480098
0.85	-0.000897	-1.794371
0.86	-0.000689	-1.377592
0.87	-0.00042	-0.839814
0.88	-0.000275	-0.550147
0.89	-0.000108	-0.21648
0.9	-3.312959E-5	-0.066259
0.91	5.609272E-5	0.112185
0.92	0.000102	0.203119
0.93	0.000159	0.317631
0.94	0.000194	0.387298
0.95	0.000249	0.49852
0.96	0.000288	0.575521
0.97	0.00035	0.700187
0.98	0.000392	0.784521
0.99	0.000462	0.923854
1	0.000511	1.022854
1.01	0.00059	1.180521
1.02	0.000648	1.296632
1.03	0.000738	1.476299
1.04	0.0008	1.600966
1.05	0.000899	1.797744
1.06	0.000988	1.976189
1.07	0.001079	2.157078
1.08	0.001153	2.306227
1.09	0.001269	2.538217
1.1	0.001355	2.709158
1.11	0.001483	2.965568
1.12	0.001568	3.136508
1.13	0.001709	3.417338
1.14	0.001831	3.661538
1.15	0.001953	3.905739
1.16	0.002057	4.113309
1.17	0.002209	4.418559
1.18	0.002325	4.650549
1.19	0.002466	4.93138
1.2	0.002606	5.21221
1.21	0.002789	5.57851
1.22	0.002911	5.822711
1.23	0.003101	6.201221
1.24	0.003229	6.457631
1.25	0.00343	6.860562
1.26	0.003565	7.129182
1.27	0.003778	7.556532
1.28	0.003925	7.849573
1.29	0.004138	8.276923
1.3	0.004297	8.594383
1.31	0.004517	9.033944
1.32	0.004682	9.363614
1.33	0.00492	9.839805
1.34	0.005085	10.169475
1.35	0.005335	10.670085
1.36	0.005506	11.011966
1.37	0.005762	11.524786
1.38	0.005939	11.878877
1.39	0.006226	12.452747
1.4	0.006397	12.794628
1.41	0.006678	13.356288
1.42	0.006874	13.747009
1.43	0.00716	14.320879
1.44	0.007356	14.7116
1.45	0.007655	15.30989
1.46	0.007863	15.725031
1.47	0.00818	16.359951
1.48	0.008381	16.762882
1.49	0.008705	17.410012
1.5	0.008913	17.825153
1.51	0.009248	18.496703
1.52	0.009468	18.936264
1.53	0.009804	19.607814
1.54	0.010042	20.084005
1.55	0.01039	20.779976
1.56	0.010689	21.378266
1.57	0.010982	21.964347
1.58	0.011409	22.818071
1.59	0.011775	23.550672
1.6	0.01202	24.039072
1.61	0.012386	24.771673
1.62	0.012691	25.382173
1.63	0.013057	26.114774
1.64	0.013363	26.725275
1.65	0.013729	27.457875
1.66	0.013973	27.946276
1.67	0.0144	28.800977
1.68	0.014645	29.289377
1.69	0.015011	30.021978
1.7	0.015377	30.754579
1.71	0.015805	31.60928
1.72	0.016049	32.09768
1.73	0.016537	33.074481
1.74	0.016842	33.684982
1.75	0.01727	34.539683
1.76	0.017514	35.028083
1.77	0.018002	36.004884
1.78	0.018308	36.615385
1.79	0.018796	37.592186
1.8	0.01904	38.080586
1.81	0.019529	39.057387
1.82	0.019834	39.667888
1.83	0.020322	40.644689
1.84	0.020628	41.255189
1.85	0.021116	42.23199
1.86	0.021421	42.842491
1.87	0.021971	43.941392
1.88	0.022276	44.551893
1.89	0.022764	45.528694
1.9	0.023131	46.261294
1.91	0.023619	47.238095
1.92	0.023924	47.848596
1.93	0.024474	48.947497
1.94	0.02484	49.680098
1.95	0.025328	50.656899
1.96	0.025695	51.389499
1.97	0.026183	52.3663
1.98	0.026	52
1.99	0.026427	52.854701
