-0.01	-1.484934E-7	-0.000297
0	6.769231E-9	1.353846E-5
0.01	6.134799E-8	0.000123
0.02	4.095657E-7	0.000819
0.03	6.54682E-7	0.001309
0.04	8.151827E-7	0.00163
0.05	1.054255E-6	0.002109
0.06	1.257147E-6	0.002514
0.07	1.479127E-6	0.002958
0.08	1.657944E-6	0.003316
0.09	1.88609E-6	0.003772
0.1	2.058742E-6	0.004117
0.11	2.29922E-6	0.004598
0.12	2.515034E-6	0.00503
0.13	2.786343E-6	0.005573
0.14	2.946662E-6	0.005893
0.15	3.224137E-6	0.006448
0.16	3.396788E-6	0.006794
0.17	3.735924E-6	0.007472
0.18	3.896243E-6	0.007792
0.19	4.198383E-6	0.008397
0.2	4.469691E-6	0.008939
0.21	4.741E-6	0.009482
0.22	4.919818E-6	0.00984
0.23	5.295951E-6	0.010592
0.24	5.536429E-6	0.011073
0.25	5.887897E-6	0.011776
0.26	6.171538E-6	0.012343
0.27	6.510675E-6	0.013021
0.28	6.769651E-6	0.013539
0.29	7.201279E-6	0.014403
0.3	7.503419E-6	0.015007
0.31	7.842555E-6	0.015685
0.32	8.249518E-6	0.016499
0.33	8.736641E-6	0.017473
0.34	9.057279E-6	0.018115
0.35	9.612229E-6	0.019224
0.36	1.002536E-5	0.020051
0.37	1.061731E-5	0.021235
0.38	1.101194E-5	0.022024
0.39	1.178712E-5	0.023574
0.4	1.227601E-5	0.024552
0.41	1.313157E-5	0.026263
0.42	1.368157E-5	0.027363
0.43	1.472046E-5	0.029441
0.44	1.533157E-5	0.030663
0.45	1.637046E-5	0.032741
0.46	1.728713E-5	0.034574
0.47	1.881491E-5	0.03763
0.48	2.015935E-5	0.040319
0.49	2.217602E-5	0.044352
0.5	2.376491E-5	0.04753
0.51	2.639269E-5	0.052785
0.52	2.871492E-5	0.05743
0.53	3.29927E-5	0.065985
0.54	3.659826E-5	0.073197
0.55	4.258715E-5	0.085174
0.56	4.930938E-5	0.098619
0.57	5.768161E-5	0.115363
0.58	6.568718E-5	0.131374
0.59	8.120941E-5	0.162419
0.6	9.330943E-5	0.186619
0.61	0.000117	0.23452
0.62	0.000138	0.276076
0.63	0.000177	0.354298
0.64	0.000206	0.412965
0.65	0.000268	0.535187
0.66	0.000317	0.634187
0.67	0.000406	0.812632
0.68	0.000483	0.96541
0.69	0.000623	1.246521
0.7	0.000731	1.462855
0.71	0.000927	1.853966
0.72	0.00109	2.1803
0.73	0.001355	2.709158
0.74	0.001556	3.112088
0.75	0.00191	3.820269
0.76	0.002173	4.345299
0.77	0.002594	5.18779
0.78	0.002899	5.798291
0.79	0.003412	6.823932
0.8	0.003766	7.532112
0.81	0.004316	8.631013
0.82	0.004712	9.424664
0.83	0.005311	10.621245
0.84	0.005714	11.427106
0.85	0.006385	12.770208
0.86	0.006819	13.637118
0.87	0.007496	14.99243
0.88	0.007966	15.932601
0.89	0.008674	17.348962
0.9	0.009145	18.289133
0.91	0.009853	19.705495
0.92	0.010347	20.694505
0.93	0.011287	22.573871
0.94	0.011714	23.428571
0.95	0.012508	25.015873
0.96	0.012996	25.992674
0.97	0.01379	27.579976
0.98	0.014278	28.556777
0.99	0.015011	30.021978
1	0.01556	31.120879
1.01	0.016354	32.708181
1.02	0.016842	33.684982
1.03	0.017575	35.150183
1.04	0.018125	36.249084
1.05	0.018857	37.714286
1.06	0.019468	38.935287
1.07	0.020139	40.278388
1.08	0.020628	41.255189
1.09	0.02136	42.720391
1.1	0.02191	43.819292
1.11	0.022703	45.406593
1.12	0.023131	46.261294
1.13	0.023863	47.726496
1.14	0.024535	49.069597
1.15	0.025084	50.168498
1.16	0.025573	51.145299
1.17	0.026305	52.610501
1.18	0.026855	53.709402
1.19	0.026611	53.221001
1.2	0.027526	55.052503
1.21	0.027526	55.052503
1.22	0.027465	54.930403
1.23	0.027465	54.930403
1.24	0.027465	54.930403
1.25	0.027465	54.930403
1.26	0.027404	54.808303
1.27	0.027404	54.808303
1.28	0.027404	54.808303
1.29	0.027404	54.808303
1.3	0.027404	54.808303
1.31	0.027404	54.808303
1.32	0.027343	54.686203
1.33	0.027343	54.686203
1.34	0.027343	54.686203
1.35	0.027343	54.686203
1.36	0.027343	54.686203
1.37	0.027343	54.686203
1.38	0.027343	54.686203
1.39	0.027343	54.686203
1.4	0.027343	54.686203
1.41	0.027343	54.686203
1.42	0.027343	54.686203
1.43	0.027343	54.686203
1.44	0.027282	54.564103
1.45	0.027343	54.686203
1.46	0.027343	54.686203
1.47	0.027343	54.686203
1.48	0.027282	54.564103
1.49	0.027282	54.564103
1.5	0.027282	54.564103
1.51	0.027282	54.564103
1.52	0.027282	54.564103
1.53	0.027282	54.564103
1.54	0.027282	54.564103
1.55	0.027282	54.564103
1.56	0.027282	54.564103
1.57	0.027282	54.564103
1.58	0.027221	54.442002
1.59	0.027221	54.442002
1.6	0.027221	54.442002
1.61	0.027221	54.442002
1.62	0.027221	54.442002
1.63	0.027221	54.442002
1.64	0.027221	54.442002
1.65	0.027221	54.442002
1.66	0.027221	54.442002
1.67	0.027221	54.442002
1.68	0.027221	54.442002
1.69	0.027221	54.442002
1.7	0.027221	54.442002
1.71	0.027221	54.442002
1.72	0.027221	54.442002
1.73	0.027221	54.442002
1.74	0.02716	54.319902
1.75	0.027221	54.442002
1.76	0.02716	54.319902
1.77	0.02716	54.319902
1.78	0.027221	54.442002
1.79	0.02716	54.319902
1.8	0.02716	54.319902
1.81	0.02716	54.319902
1.82	0.02716	54.319902
1.83	0.027221	54.442002
1.84	0.027221	54.442002
1.85	0.02716	54.319902
1.86	0.02716	54.319902
1.87	0.02716	54.319902
1.88	0.02716	54.319902
1.89	0.02716	54.319902
1.9	0.02716	54.319902
1.91	0.02716	54.319902
1.92	0.027099	54.197802
1.93	0.02716	54.319902
1.94	0.02716	54.319902
1.95	0.027099	54.197802
1.96	0.02716	54.319902
1.97	0.027099	54.197802
1.98	0.02716	54.319902
1.99	0.02716	54.319902
