-0.01	-0.000784	-1.567037
0	-0.000782	-1.56337
0.01	-0.000779	-1.557259
0.02	-0.000777	-1.554815
0.03	-0.000774	-1.547482
0.04	-0.000771	-1.542593
0.05	-0.000768	-1.536482
0.06	-0.000766	-1.531593
0.07	-0.000763	-1.525482
0.08	-0.00076	-1.51937
0.09	-0.000756	-1.512037
0.1	-0.000754	-1.507148
0.11	-0.000749	-1.498593
0.12	-0.000746	-1.492481
0.13	-0.000741	-1.482704
0.14	-0.000738	-1.47537
0.15	-0.000732	-1.46437
0.16	-0.000729	-1.458259
0.17	-0.000722	-1.444815
0.18	-0.000718	-1.435037
0.19	-0.00071	-1.419148
0.2	-0.000704	-1.408148
0.21	-0.000696	-1.391037
0.22	-0.000688	-1.37637
0.23	-0.000677	-1.353148
0.24	-0.000668	-1.336037
0.25	-0.000652	-1.304259
0.26	-0.000641	-1.282259
0.27	-0.000621	-1.241926
0.28	-0.000606	-1.21137
0.29	-0.000578	-1.15637
0.3	-0.000556	-1.111148
0.31	-0.000518	-1.036592
0.32	-0.000489	-0.977925
0.33	-0.000436	-0.871592
0.34	-0.000395	-0.790925
0.35	-0.00032	-0.640592
0.36	-0.000263	-0.525703
0.37	-0.000162	-0.324036
0.38	-9.466854E-5	-0.189337
0.39	4.038715E-5	0.080774
0.4	0.000144	0.287076
0.41	0.00033	0.659854
0.42	0.000462	0.923854
0.43	0.000701	1.402966
0.44	0.000867	1.734188
0.45	0.001129	2.257387
0.46	0.001342	2.684737
0.47	0.001696	3.392918
0.48	0.001941	3.881319
0.49	0.00235	4.699389
0.5	0.002618	5.23663
0.51	0.003095	6.189011
0.52	0.003394	6.787302
0.53	0.003913	7.825153
0.54	0.004236	8.472283
0.55	0.004786	9.571184
0.56	0.005256	10.511355
0.57	0.005726	11.451526
0.58	0.006141	12.281807
0.59	0.006751	13.502808
0.6	0.007167	14.333089
0.61	0.007795	15.59072
0.62	0.008229	16.457631
0.63	0.008894	17.788523
0.64	0.009316	18.631013
0.65	0.01003	20.059585
0.66	0.010469	20.938706
0.67	0.011287	22.573871
0.68	0.011836	23.672772
0.69	0.012508	25.015873
0.7	0.012996	25.992674
0.71	0.01379	27.579976
0.72	0.014278	28.556777
0.73	0.015011	30.021978
0.74	0.015499	30.998779
0.75	0.016293	32.586081
0.76	0.016781	33.562882
0.77	0.017575	35.150183
0.78	0.018063	36.126984
0.79	0.018857	37.714286
0.8	0.019346	38.691087
0.81	0.020139	40.278388
0.82	0.020628	41.255189
0.83	0.021482	42.964591
0.84	0.021971	43.941392
0.85	0.022764	45.528694
0.86	0.023314	46.627595
0.87	0.024107	48.214896
0.88	0.024657	49.313797
0.89	0.025451	50.901099
0.9	0.026	52
0.91	0.026183	52.3663
0.92	0.026672	53.343101
0.93	0.027282	54.564103
0.94	0.027282	54.564103
0.95	0.027282	54.564103
0.96	0.027221	54.442002
0.97	0.027221	54.442002
0.98	0.027221	54.442002
0.99	0.027221	54.442002
1	0.027221	54.442002
1.01	0.027221	54.442002
1.02	0.027221	54.442002
1.03	0.027221	54.442002
1.04	0.02716	54.319902
1.05	0.02716	54.319902
1.06	0.02716	54.319902
1.07	0.02716	54.319902
1.08	0.02716	54.319902
1.09	0.02716	54.319902
1.1	0.02716	54.319902
1.11	0.02716	54.319902
1.12	0.027099	54.197802
1.13	0.02716	54.319902
1.14	0.027099	54.197802
1.15	0.027099	54.197802
1.16	0.027099	54.197802
1.17	0.027099	54.197802
1.18	0.027099	54.197802
1.19	0.027099	54.197802
1.2	0.027099	54.197802
1.21	0.027099	54.197802
1.22	0.027099	54.197802
1.23	0.027099	54.197802
1.24	0.027099	54.197802
1.25	0.027099	54.197802
1.26	0.027038	54.075702
1.27	0.027099	54.197802
1.28	0.027099	54.197802
1.29	0.027038	54.075702
1.3	0.027038	54.075702
1.31	0.027099	54.197802
1.32	0.027038	54.075702
1.33	0.027038	54.075702
1.34	0.027038	54.075702
1.35	0.027038	54.075702
1.36	0.027038	54.075702
1.37	0.027038	54.075702
1.38	0.027038	54.075702
1.39	0.027038	54.075702
1.4	0.027038	54.075702
1.41	0.026977	53.953602
1.42	0.027038	54.075702
1.43	0.026977	53.953602
1.44	0.026977	53.953602
1.45	0.027038	54.075702
1.46	0.027038	54.075702
1.47	0.026977	53.953602
1.48	0.027038	54.075702
1.49	0.026977	53.953602
1.5	0.026977	53.953602
1.51	0.026977	53.953602
1.52	0.026977	53.953602
1.53	0.026977	53.953602
1.54	0.026977	53.953602
1.55	0.026977	53.953602
1.56	0.026977	53.953602
1.57	0.026977	53.953602
1.58	0.026977	53.953602
1.59	0.026977	53.953602
1.6	0.026977	53.953602
1.61	0.026977	53.953602
1.62	0.026916	53.831502
1.63	0.026977	53.953602
1.64	0.026977	53.953602
1.65	0.026977	53.953602
1.66	0.026977	53.953602
1.67	0.026977	53.953602
1.68	0.026977	53.953602
1.69	0.026916	53.831502
1.7	0.026916	53.831502
1.71	0.026916	53.831502
1.72	0.026977	53.953602
1.73	0.026916	53.831502
1.74	0.026916	53.831502
1.75	0.026916	53.831502
1.76	0.026916	53.831502
1.77	0.026916	53.831502
1.78	0.026916	53.831502
1.79	0.026916	53.831502
1.8	0.026916	53.831502
1.81	0.026916	53.831502
1.82	0.026916	53.831502
1.83	0.026916	53.831502
1.84	0.026916	53.831502
1.85	0.026916	53.831502
1.86	0.026916	53.831502
1.87	0.026916	53.831502
1.88	0.026916	53.831502
1.89	0.026916	53.831502
1.9	0.026916	53.831502
1.91	0.026916	53.831502
1.92	0.026916	53.831502
1.93	0.026916	53.831502
1.94	0.026916	53.831502
1.95	0.026916	53.831502
1.96	0.026916	53.831502
1.97	0.026916	53.831502
1.98	0.026916	53.831502
1.99	0.026916	53.831502
