-0.01	-0.00079	-1.579259
0	-0.000788	-1.576815
0.01	-0.000789	-1.578037
0.02	-0.000789	-1.578037
0.03	-0.000788	-1.576815
0.04	-0.000789	-1.578037
0.05	-0.000787	-1.57437
0.06	-0.000788	-1.575593
0.07	-0.000787	-1.573148
0.08	-0.000787	-1.573148
0.09	-0.000787	-1.573148
0.1	-0.000785	-1.570704
0.11	-0.000785	-1.570704
0.12	-0.000785	-1.569482
0.13	-0.000785	-1.569482
0.14	-0.000784	-1.568259
0.15	-0.000784	-1.567037
0.16	-0.000784	-1.567037
0.17	-0.000782	-1.56337
0.18	-0.000782	-1.564593
0.19	-0.000782	-1.56337
0.2	-0.000782	-1.56337
0.21	-0.00078	-1.560926
0.22	-0.00078	-1.559704
0.23	-0.000779	-1.557259
0.24	-0.000777	-1.554815
0.25	-0.000777	-1.554815
0.26	-0.000776	-1.55237
0.27	-0.000775	-1.549926
0.28	-0.000776	-1.551148
0.29	-0.000775	-1.549926
0.3	-0.000774	-1.547482
0.31	-0.000772	-1.543815
0.32	-0.000771	-1.542593
0.33	-0.00077	-1.540148
0.34	-0.00077	-1.540148
0.35	-0.000768	-1.535259
0.36	-0.000767	-1.534037
0.37	-0.000766	-1.531593
0.38	-0.000765	-1.529148
0.39	-0.000763	-1.526704
0.4	-0.000762	-1.523037
0.41	-0.00076	-1.520593
0.42	-0.000758	-1.516926
0.43	-0.000758	-1.515704
0.44	-0.000756	-1.512037
0.45	-0.000754	-1.507148
0.46	-0.000752	-1.504704
0.47	-0.000749	-1.498593
0.48	-0.000747	-1.493704
0.49	-0.000744	-1.488815
0.5	-0.000742	-1.483926
0.51	-0.000739	-1.477815
0.52	-0.000735	-1.470481
0.53	-0.000732	-1.46437
0.54	-0.000727	-1.454593
0.55	-0.000721	-1.44237
0.56	-0.000715	-1.430148
0.57	-0.000708	-1.416704
0.58	-0.000702	-1.404481
0.59	-0.00069	-1.380037
0.6	-0.00068	-1.360481
0.61	-0.000664	-1.328704
0.62	-0.000648	-1.296926
0.63	-0.000625	-1.249259
0.64	-0.000603	-1.205259
0.65	-0.000562	-1.124592
0.66	-0.000528	-1.056148
0.67	-0.000468	-0.935148
0.68	-0.000417	-0.833703
0.69	-0.000325	-0.65037
0.7	-0.000248	-0.495147
0.71	-0.000108	-0.21648
0.72	-1.247401E-5	-0.024948
0.73	0.000178	0.356743
0.74	0.000334	0.667187
0.75	0.000607	1.213521
0.76	0.000804	1.607077
0.77	0.001129	2.257387
0.78	0.001367	2.733578
0.79	0.00177	3.539438
0.8	0.002051	4.101099
0.81	0.002521	5.04127
0.82	0.002832	5.66398
0.83	0.003345	6.689621
0.84	0.003687	7.373382
0.85	0.00423	8.460073
0.86	0.004596	9.192674
0.87	0.005176	10.352625
0.88	0.005549	11.097436
0.89	0.006123	12.245177
0.9	0.006532	13.063248
0.91	0.007099	14.198779
0.92	0.007496	14.99243
0.93	0.00807	16.140171
0.94	0.008449	16.897192
0.95	0.009029	18.057143
0.96	0.009432	18.863004
0.97	0.009987	19.974115
0.98	0.010347	20.694505
0.99	0.010921	21.842247
1	0.01147	22.940171
1.01	0.01202	24.039072
1.02	0.012386	24.771673
1.03	0.012935	25.870574
1.04	0.013302	26.603175
1.05	0.013851	27.702076
1.06	0.014278	28.556777
1.07	0.014767	29.533578
1.08	0.015072	30.144078
1.09	0.015621	31.242979
1.1	0.015988	31.97558
1.11	0.016537	33.074481
1.12	0.016904	33.807082
1.13	0.017453	34.905983
1.14	0.01788	35.760684
1.15	0.018369	36.737485
1.16	0.018674	37.347985
1.17	0.019223	38.446886
1.18	0.01959	39.179487
1.19	0.020078	40.156288
1.2	0.020505	41.010989
1.21	0.021116	42.23199
1.22	0.021482	42.964591
1.23	0.022032	44.063492
1.24	0.022398	44.796093
1.25	0.022947	45.894994
1.26	0.023375	46.749695
1.27	0.023924	47.848596
1.28	0.024352	48.703297
1.29	0.024962	49.924298
1.3	0.025328	50.656899
1.31	0.025878	51.7558
1.32	0.026305	52.610501
1.33	0.026183	52.3663
1.34	0.026794	53.587302
1.35	0.027221	54.442002
1.36	0.027221	54.442002
1.37	0.027221	54.442002
1.38	0.02716	54.319902
1.39	0.02716	54.319902
1.4	0.02716	54.319902
1.41	0.02716	54.319902
1.42	0.02716	54.319902
1.43	0.02716	54.319902
1.44	0.02716	54.319902
1.45	0.027099	54.197802
1.46	0.027099	54.197802
1.47	0.027099	54.197802
1.48	0.027099	54.197802
1.49	0.027099	54.197802
1.5	0.027099	54.197802
1.51	0.027099	54.197802
1.52	0.027038	54.075702
1.53	0.027099	54.197802
1.54	0.027099	54.197802
1.55	0.027099	54.197802
1.56	0.027038	54.075702
1.57	0.027038	54.075702
1.58	0.027038	54.075702
1.59	0.027038	54.075702
1.6	0.027038	54.075702
1.61	0.027038	54.075702
1.62	0.027038	54.075702
1.63	0.027038	54.075702
1.64	0.027038	54.075702
1.65	0.027038	54.075702
1.66	0.027038	54.075702
1.67	0.027038	54.075702
1.68	0.027038	54.075702
1.69	0.027038	54.075702
1.7	0.027038	54.075702
1.71	0.027038	54.075702
1.72	0.027038	54.075702
1.73	0.027038	54.075702
1.74	0.027038	54.075702
1.75	0.026977	53.953602
1.76	0.026977	53.953602
1.77	0.026977	53.953602
1.78	0.027038	54.075702
1.79	0.027038	54.075702
1.8	0.026977	53.953602
1.81	0.026977	53.953602
1.82	0.026977	53.953602
1.83	0.026977	53.953602
1.84	0.026977	53.953602
1.85	0.026977	53.953602
1.86	0.026977	53.953602
1.87	0.026977	53.953602
1.88	0.026977	53.953602
1.89	0.026977	53.953602
1.9	0.026977	53.953602
1.91	0.026977	53.953602
1.92	0.026977	53.953602
1.93	0.026916	53.831502
1.94	0.026977	53.953602
1.95	0.026977	53.953602
1.96	0.026977	53.953602
1.97	0.026916	53.831502
1.98	0.026916	53.831502
1.99	0.026916	53.831502
