-0.01	-0.003096	-6.191941
0	-0.00309	-6.179731
0.01	-0.00309	-6.179731
0.02	-0.00309	-6.179731
0.03	-0.00309	-6.179731
0.04	-0.003084	-6.167521
0.05	-0.003084	-6.167521
0.06	-0.003078	-6.155311
0.07	-0.003078	-6.155311
0.08	-0.003072	-6.143101
0.09	-0.003072	-6.143101
0.1	-0.003065	-6.130891
0.11	-0.003065	-6.130891
0.12	-0.003059	-6.118681
0.13	-0.003059	-6.118681
0.14	-0.003053	-6.106471
0.15	-0.003047	-6.094261
0.16	-0.003047	-6.094261
0.17	-0.003041	-6.082051
0.18	-0.003035	-6.069841
0.19	-0.003029	-6.057631
0.2	-0.003029	-6.057631
0.21	-0.003023	-6.045421
0.22	-0.003017	-6.033211
0.23	-0.003011	-6.021001
0.24	-0.002998	-5.996581
0.25	-0.002992	-5.984371
0.26	-0.002986	-5.972161
0.27	-0.00298	-5.959951
0.28	-0.002974	-5.947741
0.29	-0.002962	-5.923321
0.3	-0.002956	-5.911111
0.31	-0.002937	-5.874481
0.32	-0.002925	-5.850061
0.33	-0.002913	-5.825641
0.34	-0.002901	-5.801221
0.35	-0.002876	-5.752381
0.36	-0.002858	-5.715751
0.37	-0.002827	-5.654701
0.38	-0.002803	-5.605861
0.39	-0.002766	-5.532601
0.4	-0.00273	-5.459341
0.41	-0.002681	-5.361661
0.42	-0.002638	-5.27619
0.43	-0.002559	-5.11746
0.44	-0.002504	-5.00757
0.45	-0.0024	-4.8
0.46	-0.002327	-4.65348
0.47	-0.002186	-4.37265
0.48	-0.002083	-4.165079
0.49	-0.001899	-3.798779
0.5	-0.001765	-3.530159
0.51	-0.001539	-3.078388
0.52	-0.001374	-2.748718
0.53	-0.001069	-2.138217
0.54	-0.000883	-1.76626
0.55	-0.000531	-1.062259
0.56	-0.000215	-0.430369
0.57	0.000125	0.249187
0.58	0.000418	0.835854
0.59	0.000892	1.7843
0.6	0.001208	2.416117
0.61	0.001721	3.441758
0.62	0.002069	4.137729
0.63	0.002631	5.26105
0.64	0.003027	6.054701
0.65	0.003644	7.287912
0.66	0.004053	8.105983
0.67	0.004688	9.375824
0.68	0.005134	10.267155
0.69	0.005811	11.622466
0.7	0.006275	12.550427
0.71	0.006965	13.930159
0.72	0.007441	14.88254
0.73	0.008162	16.323321
0.74	0.00865	17.300122
0.75	0.009401	18.801954
0.76	0.009902	19.803175
0.77	0.010665	21.329426
0.78	0.011348	22.695971
0.79	0.012142	24.283272
0.8	0.01263	25.260073
0.81	0.013485	26.969475
0.82	0.013973	27.946276
0.83	0.014828	29.655678
0.84	0.015377	30.754579
0.85	0.016171	32.34188
0.86	0.01672	33.440781
0.87	0.017575	35.150183
0.88	0.018063	36.126984
0.89	0.018979	37.958486
0.9	0.019529	39.057387
0.91	0.020322	40.644689
0.92	0.020933	41.86569
0.93	0.021726	43.452991
0.94	0.022337	44.673993
0.95	0.023192	46.383394
0.96	0.02368	47.360195
0.97	0.024596	49.191697
0.98	0.025145	50.290598
0.99	0.026	52
1	0.025878	51.7558
1.01	0.026977	53.953602
1.02	0.026977	53.953602
1.03	0.026977	53.953602
1.04	0.026977	53.953602
1.05	0.026977	53.953602
1.06	0.026977	53.953602
1.07	0.026977	53.953602
1.08	0.026977	53.953602
1.09	0.026916	53.831502
1.1	0.026916	53.831502
1.11	0.026916	53.831502
1.12	0.026916	53.831502
1.13	0.026916	53.831502
1.14	0.026916	53.831502
1.15	0.026855	53.709402
1.16	0.026916	53.831502
1.17	0.026855	53.709402
1.18	0.026855	53.709402
1.19	0.026855	53.709402
1.2	0.026855	53.709402
1.21	0.026855	53.709402
1.22	0.026855	53.709402
1.23	0.026855	53.709402
1.24	0.026855	53.709402
1.25	0.026794	53.587302
1.26	0.026855	53.709402
1.27	0.026855	53.709402
1.28	0.026794	53.587302
1.29	0.026794	53.587302
1.3	0.026855	53.709402
1.31	0.026794	53.587302
1.32	0.026794	53.587302
1.33	0.026855	53.709402
1.34	0.026794	53.587302
1.35	0.026794	53.587302
1.36	0.026794	53.587302
1.37	0.026794	53.587302
1.38	0.026794	53.587302
1.39	0.026794	53.587302
1.4	0.026794	53.587302
1.41	0.026794	53.587302
1.42	0.026794	53.587302
1.43	0.026733	53.465201
1.44	0.026794	53.587302
1.45	0.026733	53.465201
1.46	0.026733	53.465201
1.47	0.026733	53.465201
1.48	0.026733	53.465201
1.49	0.026733	53.465201
1.5	0.026733	53.465201
1.51	0.026733	53.465201
1.52	0.026733	53.465201
1.53	0.026733	53.465201
1.54	0.026733	53.465201
1.55	0.026733	53.465201
1.56	0.026733	53.465201
1.57	0.026733	53.465201
1.58	0.026733	53.465201
1.59	0.026733	53.465201
1.6	0.026733	53.465201
1.61	0.026733	53.465201
1.62	0.026733	53.465201
1.63	0.026733	53.465201
1.64	0.026733	53.465201
1.65	0.026672	53.343101
1.66	0.026672	53.343101
1.67	0.026733	53.465201
1.68	0.026672	53.343101
1.69	0.026672	53.343101
1.7	0.026672	53.343101
1.71	0.026733	53.465201
1.72	0.026672	53.343101
1.73	0.026672	53.343101
1.74	0.026733	53.465201
1.75	0.026672	53.343101
1.76	0.026672	53.343101
1.77	0.026672	53.343101
1.78	0.026672	53.343101
1.79	0.026672	53.343101
1.8	0.026672	53.343101
1.81	0.026672	53.343101
1.82	0.026672	53.343101
1.83	0.026672	53.343101
1.84	0.026672	53.343101
1.85	0.026672	53.343101
1.86	0.026672	53.343101
1.87	0.026672	53.343101
1.88	0.026672	53.343101
1.89	0.026672	53.343101
1.9	0.026672	53.343101
1.91	0.026672	53.343101
1.92	0.026672	53.343101
1.93	0.026672	53.343101
1.94	0.026672	53.343101
1.95	0.026672	53.343101
1.96	0.026672	53.343101
1.97	0.026672	53.343101
1.98	0.026672	53.343101
1.99	0.026672	53.343101
