-0.01	-0.006283	-12.565568
0	-0.006283	-12.565568
0.01	-0.006277	-12.553358
0.02	-0.006277	-12.553358
0.03	-0.006271	-12.541148
0.04	-0.006271	-12.541148
0.05	-0.006264	-12.528938
0.06	-0.006264	-12.528938
0.07	-0.006258	-12.516728
0.08	-0.006252	-12.504518
0.09	-0.006252	-12.504518
0.1	-0.006246	-12.492308
0.11	-0.00624	-12.480098
0.12	-0.006234	-12.467888
0.13	-0.006234	-12.467888
0.14	-0.006228	-12.455678
0.15	-0.006222	-12.443468
0.16	-0.006216	-12.431258
0.17	-0.00621	-12.419048
0.18	-0.006203	-12.406838
0.19	-0.006197	-12.394628
0.2	-0.006191	-12.382418
0.21	-0.006185	-12.370208
0.22	-0.006179	-12.357998
0.23	-0.006167	-12.333578
0.24	-0.006161	-12.321368
0.25	-0.006155	-12.309158
0.26	-0.006142	-12.284737
0.27	-0.006136	-12.272527
0.28	-0.006124	-12.248107
0.29	-0.006118	-12.235897
0.3	-0.006106	-12.211477
0.31	-0.006094	-12.187057
0.32	-0.006087	-12.174847
0.33	-0.006069	-12.138217
0.34	-0.006057	-12.113797
0.35	-0.006039	-12.077167
0.36	-0.006026	-12.052747
0.37	-0.006008	-12.016117
0.38	-0.005996	-11.991697
0.39	-0.005971	-11.942857
0.4	-0.005953	-11.906227
0.41	-0.005923	-11.845177
0.42	-0.005898	-11.796337
0.43	-0.005868	-11.735287
0.44	-0.005837	-11.674237
0.45	-0.005788	-11.576557
0.46	-0.005758	-11.515507
0.47	-0.005697	-11.393407
0.48	-0.005648	-11.295726
0.49	-0.005568	-11.136996
0.5	-0.005507	-11.014896
0.51	-0.005398	-10.795116
0.52	-0.005318	-10.636386
0.53	-0.005172	-10.343346
0.54	-0.005068	-10.135775
0.55	-0.004879	-9.757265
0.56	-0.004695	-9.390965
0.57	-0.0045	-9.000244
0.58	-0.004323	-8.646154
0.59	-0.004018	-8.035653
0.6	-0.003798	-7.596093
0.61	-0.003438	-6.875702
0.62	-0.003175	-6.350672
0.63	-0.00273	-5.459341
0.64	-0.002437	-4.87326
0.65	-0.001936	-3.872039
0.66	-0.001606	-3.212698
0.67	-0.001045	-2.089377
0.68	-0.000676	-1.351926
0.69	-7.315741E-5	-0.146315
0.7	0.000329	0.658632
0.71	0.000989	1.977411
0.72	0.001422	2.843468
0.73	0.002105	4.210989
0.74	0.002576	5.15116
0.75	0.003314	6.628571
0.76	0.003778	7.556532
0.77	0.004517	9.033944
0.78	0.004999	9.998535
0.79	0.005775	11.549206
0.8	0.006306	12.611477
0.81	0.007087	14.174359
0.82	0.007631	15.26105
0.83	0.008424	16.848352
0.84	0.008961	17.922833
0.85	0.009731	19.461294
0.86	0.010311	20.621245
0.87	0.011287	22.573871
0.88	0.011897	23.794872
0.89	0.012752	25.504274
0.9	0.013302	26.603175
0.91	0.014095	28.190476
0.92	0.014767	29.533578
0.93	0.015621	31.242979
0.94	0.016171	32.34188
0.95	0.017026	34.051282
0.96	0.017636	35.272283
0.97	0.018491	36.981685
0.98	0.019101	38.202686
0.99	0.019956	39.912088
1	0.020567	41.133089
1.01	0.021482	42.964591
1.02	0.022032	44.063492
1.03	0.022886	45.772894
1.04	0.023497	46.993895
1.05	0.024352	48.703297
1.06	0.025145	50.290598
1.07	0.025878	51.7558
1.08	0.025756	51.5116
1.09	0.026855	53.709402
1.1	0.026855	53.709402
1.11	0.026855	53.709402
1.12	0.026794	53.587302
1.13	0.026794	53.587302
1.14	0.026794	53.587302
1.15	0.026794	53.587302
1.16	0.026794	53.587302
1.17	0.026794	53.587302
1.18	0.026733	53.465201
1.19	0.026794	53.587302
1.2	0.026733	53.465201
1.21	0.026733	53.465201
1.22	0.026733	53.465201
1.23	0.026733	53.465201
1.24	0.026733	53.465201
1.25	0.026733	53.465201
1.26	0.026672	53.343101
1.27	0.026733	53.465201
1.28	0.026733	53.465201
1.29	0.026733	53.465201
1.3	0.026733	53.465201
1.31	0.026672	53.343101
1.32	0.026672	53.343101
1.33	0.026672	53.343101
1.34	0.026672	53.343101
1.35	0.026672	53.343101
1.36	0.026672	53.343101
1.37	0.026672	53.343101
1.38	0.026672	53.343101
1.39	0.026672	53.343101
1.4	0.026672	53.343101
1.41	0.026672	53.343101
1.42	0.026672	53.343101
1.43	0.026672	53.343101
1.44	0.026611	53.221001
1.45	0.026611	53.221001
1.46	0.026672	53.343101
1.47	0.026672	53.343101
1.48	0.026611	53.221001
1.49	0.026611	53.221001
1.5	0.026611	53.221001
1.51	0.026611	53.221001
1.52	0.026611	53.221001
1.53	0.026611	53.221001
1.54	0.026611	53.221001
1.55	0.026611	53.221001
1.56	0.026611	53.221001
1.57	0.026611	53.221001
1.58	0.026611	53.221001
1.59	0.026611	53.221001
1.6	0.026611	53.221001
1.61	0.026611	53.221001
1.62	0.026611	53.221001
1.63	0.026611	53.221001
1.64	0.026549	53.098901
1.65	0.026549	53.098901
1.66	0.026549	53.098901
1.67	0.026549	53.098901
1.68	0.026549	53.098901
1.69	0.026611	53.221001
1.7	0.026549	53.098901
1.71	0.026549	53.098901
1.72	0.026549	53.098901
1.73	0.026611	53.221001
1.74	0.026611	53.221001
1.75	0.026549	53.098901
1.76	0.026549	53.098901
1.77	0.026549	53.098901
1.78	0.026549	53.098901
1.79	0.026549	53.098901
1.8	0.026549	53.098901
1.81	0.026549	53.098901
1.82	0.026549	53.098901
1.83	0.026549	53.098901
1.84	0.026549	53.098901
1.85	0.026549	53.098901
1.86	0.026549	53.098901
1.87	0.026549	53.098901
1.88	0.026549	53.098901
1.89	0.026549	53.098901
1.9	0.026488	52.976801
1.91	0.026549	53.098901
1.92	0.026549	53.098901
1.93	0.026549	53.098901
1.94	0.026549	53.098901
1.95	0.026549	53.098901
1.96	0.026488	52.976801
1.97	0.026549	53.098901
1.98	0.026549	53.098901
1.99	0.026488	52.976801
