-0.01	-0.003774	-7.547253
0	-0.003774	-7.547253
0.01	-0.003768	-7.535043
0.02	-0.003761	-7.522833
0.03	-0.003755	-7.510623
0.04	-0.003755	-7.510623
0.05	-0.003743	-7.486203
0.06	-0.003743	-7.486203
0.07	-0.003737	-7.473993
0.08	-0.003731	-7.461783
0.09	-0.003725	-7.449573
0.1	-0.003719	-7.437363
0.11	-0.003713	-7.425153
0.12	-0.0037	-7.400733
0.13	-0.003694	-7.388523
0.14	-0.003688	-7.376313
0.15	-0.003676	-7.351893
0.16	-0.00367	-7.339683
0.17	-0.003658	-7.315263
0.18	-0.003645	-7.290842
0.19	-0.003633	-7.266422
0.2	-0.003621	-7.242002
0.21	-0.003603	-7.205372
0.22	-0.00359	-7.180952
0.23	-0.003566	-7.132112
0.24	-0.003548	-7.095482
0.25	-0.003523	-7.046642
0.26	-0.003499	-6.997802
0.27	-0.003462	-6.924542
0.28	-0.003438	-6.875702
0.29	-0.003383	-6.765812
0.3	-0.003346	-6.692552
0.31	-0.003279	-6.558242
0.32	-0.003224	-6.448352
0.33	-0.003139	-6.277411
0.34	-0.003072	-6.143101
0.35	-0.002943	-5.886691
0.36	-0.002858	-5.715751
0.37	-0.002699	-5.398291
0.38	-0.002583	-5.1663
0.39	-0.002382	-4.76337
0.4	-0.002235	-4.47033
0.41	-0.001985	-3.969719
0.42	-0.001802	-3.603419
0.43	-0.00149	-2.980708
0.44	-0.001277	-2.553358
0.45	-0.000946	-1.892149
0.46	-0.000675	-1.350704
0.47	-0.000265	-0.530592
0.48	1.893713E-5	0.037874
0.49	0.000477	0.953188
0.5	0.000821	1.642522
0.51	0.001306	2.611477
0.52	0.001672	3.344078
0.53	0.002221	4.442979
0.54	0.002594	5.18779
0.55	0.003186	6.372161
0.56	0.003699	7.397802
0.57	0.004218	8.435653
0.58	0.004621	9.241514
0.59	0.005256	10.511355
0.6	0.005707	11.414896
0.61	0.006373	12.745788
0.62	0.006819	13.637118
0.63	0.00749	14.98022
0.64	0.00796	15.920391
0.65	0.008656	17.312332
0.66	0.009126	18.252503
0.67	0.009859	19.717705
0.68	0.010347	20.694505
0.69	0.011287	22.573871
0.7	0.011714	23.428571
0.71	0.012508	25.015873
0.72	0.012996	25.992674
0.73	0.01379	27.579976
0.74	0.014278	28.556777
0.75	0.015072	30.144078
0.76	0.01556	31.120879
0.77	0.016354	32.708181
0.78	0.016904	33.807082
0.79	0.017636	35.272283
0.8	0.018186	36.371184
0.81	0.018979	37.958486
0.82	0.019529	39.057387
0.83	0.020261	40.522589
0.84	0.020872	41.74359
0.85	0.021665	43.330891
0.86	0.022154	44.307692
0.87	0.023009	46.017094
0.88	0.023558	47.115995
0.89	0.024352	48.703297
0.9	0.024901	49.802198
0.91	0.025695	51.389499
0.92	0.026183	52.3663
0.93	0.026244	52.4884
0.94	0.026977	53.953602
0.95	0.026977	53.953602
0.96	0.026977	53.953602
0.97	0.026977	53.953602
0.98	0.026916	53.831502
0.99	0.026977	53.953602
1	0.026916	53.831502
1.01	0.026916	53.831502
1.02	0.026916	53.831502
1.03	0.026916	53.831502
1.04	0.026916	53.831502
1.05	0.026916	53.831502
1.06	0.026916	53.831502
1.07	0.026855	53.709402
1.08	0.026855	53.709402
1.09	0.026855	53.709402
1.1	0.026855	53.709402
1.11	0.026855	53.709402
1.12	0.026855	53.709402
1.13	0.026855	53.709402
1.14	0.026855	53.709402
1.15	0.026855	53.709402
1.16	0.026855	53.709402
1.17	0.026794	53.587302
1.18	0.026794	53.587302
1.19	0.026855	53.709402
1.2	0.026855	53.709402
1.21	0.026794	53.587302
1.22	0.026794	53.587302
1.23	0.026794	53.587302
1.24	0.026794	53.587302
1.25	0.026794	53.587302
1.26	0.026794	53.587302
1.27	0.026794	53.587302
1.28	0.026794	53.587302
1.29	0.026794	53.587302
1.3	0.026733	53.465201
1.31	0.026794	53.587302
1.32	0.026733	53.465201
1.33	0.026733	53.465201
1.34	0.026794	53.587302
1.35	0.026733	53.465201
1.36	0.026733	53.465201
1.37	0.026733	53.465201
1.38	0.026733	53.465201
1.39	0.026733	53.465201
1.4	0.026733	53.465201
1.41	0.026794	53.587302
1.42	0.026733	53.465201
1.43	0.026733	53.465201
1.44	0.026733	53.465201
1.45	0.026733	53.465201
1.46	0.026733	53.465201
1.47	0.026733	53.465201
1.48	0.026733	53.465201
1.49	0.026733	53.465201
1.5	0.026733	53.465201
1.51	0.026733	53.465201
1.52	0.026733	53.465201
1.53	0.026733	53.465201
1.54	0.026672	53.343101
1.55	0.026733	53.465201
1.56	0.026733	53.465201
1.57	0.026672	53.343101
1.58	0.026733	53.465201
1.59	0.026672	53.343101
1.6	0.026733	53.465201
1.61	0.026672	53.343101
1.62	0.026672	53.343101
1.63	0.026672	53.343101
1.64	0.026672	53.343101
1.65	0.026672	53.343101
1.66	0.026672	53.343101
1.67	0.026672	53.343101
1.68	0.026672	53.343101
1.69	0.026672	53.343101
1.7	0.026672	53.343101
1.71	0.026672	53.343101
1.72	0.026672	53.343101
1.73	0.026672	53.343101
1.74	0.026672	53.343101
1.75	0.026672	53.343101
1.76	0.026672	53.343101
1.77	0.026672	53.343101
1.78	0.026672	53.343101
1.79	0.026672	53.343101
1.8	0.026611	53.221001
1.81	0.026672	53.343101
1.82	0.026611	53.221001
1.83	0.026611	53.221001
1.84	0.026672	53.343101
1.85	0.026672	53.343101
1.86	0.026672	53.343101
1.87	0.026672	53.343101
1.88	0.026611	53.221001
1.89	0.026611	53.221001
1.9	0.026672	53.343101
1.91	0.026672	53.343101
1.92	0.026611	53.221001
1.93	0.026672	53.343101
1.94	0.026611	53.221001
1.95	0.026611	53.221001
1.96	0.026611	53.221001
1.97	0.026611	53.221001
1.98	0.026611	53.221001
1.99	0.026611	53.221001
