-0.01	-0.006271	-12.541148
0	-0.006271	-12.541148
0.01	-0.006264	-12.528938
0.02	-0.006258	-12.516728
0.03	-0.006258	-12.516728
0.04	-0.006252	-12.504518
0.05	-0.006246	-12.492308
0.06	-0.00624	-12.480098
0.07	-0.006234	-12.467888
0.08	-0.006228	-12.455678
0.09	-0.006222	-12.443468
0.1	-0.006216	-12.431258
0.11	-0.00621	-12.419048
0.12	-0.006197	-12.394628
0.13	-0.006191	-12.382418
0.14	-0.006185	-12.370208
0.15	-0.006173	-12.345788
0.16	-0.006167	-12.333578
0.17	-0.006161	-12.321368
0.18	-0.006155	-12.309158
0.19	-0.006136	-12.272527
0.2	-0.00613	-12.260317
0.21	-0.006118	-12.235897
0.22	-0.006106	-12.211477
0.23	-0.006094	-12.187057
0.24	-0.006081	-12.162637
0.25	-0.006063	-12.126007
0.26	-0.006051	-12.101587
0.27	-0.006026	-12.052747
0.28	-0.006014	-12.028327
0.29	-0.00599	-11.979487
0.3	-0.005971	-11.942857
0.31	-0.005941	-11.881807
0.32	-0.005916	-11.832967
0.33	-0.005874	-11.747497
0.34	-0.005843	-11.686447
0.35	-0.005794	-11.588767
0.36	-0.005752	-11.503297
0.37	-0.005684	-11.368987
0.38	-0.005642	-11.283516
0.39	-0.00555	-11.100366
0.4	-0.005483	-10.966056
0.41	-0.005367	-10.734066
0.42	-0.005275	-10.550916
0.43	-0.005129	-10.257875
0.44	-0.005013	-10.025885
0.45	-0.004818	-9.635165
0.46	-0.004671	-9.342125
0.47	-0.004433	-8.865934
0.48	-0.00425	-8.499634
0.49	-0.003951	-7.901343
0.5	-0.003731	-7.461783
0.51	-0.003383	-6.765812
0.52	-0.003126	-6.252991
0.53	-0.002711	-5.422711
0.54	-0.002437	-4.87326
0.55	-0.001948	-3.896459
0.56	-0.001545	-3.090598
0.57	-0.0011	-2.199267
0.58	-0.000772	-1.543815
0.59	-0.000217	-0.434036
0.6	0.000193	0.386076
0.61	0.000799	1.598522
0.62	0.001202	2.403907
0.63	0.001837	3.673748
0.64	0.002283	4.565079
0.65	0.002948	5.895971
0.66	0.0034	6.799512
0.67	0.004108	8.215873
0.68	0.004578	9.156044
0.69	0.005311	10.621245
0.7	0.005781	11.561416
0.71	0.006513	13.026618
0.72	0.007026	14.052259
0.73	0.007789	15.57851
0.74	0.008272	16.543101
0.75	0.009047	18.093773
0.76	0.00959	19.180464
0.77	0.010366	20.731136
0.78	0.010884	21.768987
0.79	0.011897	23.794872
0.8	0.012386	24.771673
0.81	0.013241	26.481074
0.82	0.01379	27.579976
0.83	0.014645	29.289377
0.84	0.015133	30.266178
0.85	0.015988	31.97558
0.86	0.016537	33.074481
0.87	0.017392	34.783883
0.88	0.017941	35.882784
0.89	0.018796	37.592186
0.9	0.019346	38.691087
0.91	0.0202	40.400488
0.92	0.02075	41.499389
0.93	0.021604	43.208791
0.94	0.022215	44.429792
0.95	0.02307	46.139194
0.96	0.023619	47.238095
0.97	0.024474	48.947497
0.98	0.025084	50.168498
0.99	0.025939	51.8779
1	0.025695	51.389499
1.01	0.026794	53.587302
1.02	0.026733	53.465201
1.03	0.026733	53.465201
1.04	0.026794	53.587302
1.05	0.026733	53.465201
1.06	0.026733	53.465201
1.07	0.026733	53.465201
1.08	0.026733	53.465201
1.09	0.026733	53.465201
1.1	0.026733	53.465201
1.11	0.026733	53.465201
1.12	0.026672	53.343101
1.13	0.026672	53.343101
1.14	0.026672	53.343101
1.15	0.026672	53.343101
1.16	0.026672	53.343101
1.17	0.026672	53.343101
1.18	0.026672	53.343101
1.19	0.026672	53.343101
1.2	0.026672	53.343101
1.21	0.026611	53.221001
1.22	0.026672	53.343101
1.23	0.026611	53.221001
1.24	0.026672	53.343101
1.25	0.026611	53.221001
1.26	0.026611	53.221001
1.27	0.026611	53.221001
1.28	0.026611	53.221001
1.29	0.026611	53.221001
1.3	0.026611	53.221001
1.31	0.026611	53.221001
1.32	0.026611	53.221001
1.33	0.026611	53.221001
1.34	0.026611	53.221001
1.35	0.026611	53.221001
1.36	0.026611	53.221001
1.37	0.026611	53.221001
1.38	0.026611	53.221001
1.39	0.026549	53.098901
1.4	0.026611	53.221001
1.41	0.026549	53.098901
1.42	0.026549	53.098901
1.43	0.026611	53.221001
1.44	0.026549	53.098901
1.45	0.026549	53.098901
1.46	0.026549	53.098901
1.47	0.026549	53.098901
1.48	0.026549	53.098901
1.49	0.026549	53.098901
1.5	0.026549	53.098901
1.51	0.026549	53.098901
1.52	0.026549	53.098901
1.53	0.026549	53.098901
1.54	0.026549	53.098901
1.55	0.026549	53.098901
1.56	0.026488	52.976801
1.57	0.026488	52.976801
1.58	0.026488	52.976801
1.59	0.026549	53.098901
1.6	0.026488	52.976801
1.61	0.026488	52.976801
1.62	0.026488	52.976801
1.63	0.026549	53.098901
1.64	0.026488	52.976801
1.65	0.026488	52.976801
1.66	0.026549	53.098901
1.67	0.026488	52.976801
1.68	0.026488	52.976801
1.69	0.026488	52.976801
1.7	0.026488	52.976801
1.71	0.026488	52.976801
1.72	0.026488	52.976801
1.73	0.026488	52.976801
1.74	0.026488	52.976801
1.75	0.026488	52.976801
1.76	0.026488	52.976801
1.77	0.026488	52.976801
1.78	0.026488	52.976801
1.79	0.026488	52.976801
1.8	0.026488	52.976801
1.81	0.026488	52.976801
1.82	0.026488	52.976801
1.83	0.026488	52.976801
1.84	0.026488	52.976801
1.85	0.026488	52.976801
1.86	0.026427	52.854701
1.87	0.026488	52.976801
1.88	0.026488	52.976801
1.89	0.026488	52.976801
1.9	0.026488	52.976801
1.91	0.026488	52.976801
1.92	0.026488	52.976801
1.93	0.026488	52.976801
1.94	0.026488	52.976801
1.95	0.026488	52.976801
1.96	0.026488	52.976801
1.97	0.026488	52.976801
1.98	0.026488	52.976801
1.99	0.026427	52.854701
