-0.01	-0.003084	-6.167521
0	-0.003084	-6.167521
0.01	-0.003084	-6.167521
0.02	-0.003084	-6.167521
0.03	-0.003084	-6.167521
0.04	-0.003084	-6.167521
0.05	-0.003084	-6.167521
0.06	-0.003078	-6.155311
0.07	-0.003078	-6.155311
0.08	-0.003078	-6.155311
0.09	-0.003078	-6.155311
0.1	-0.003078	-6.155311
0.11	-0.003078	-6.155311
0.12	-0.003072	-6.143101
0.13	-0.003072	-6.143101
0.14	-0.003072	-6.143101
0.15	-0.003072	-6.143101
0.16	-0.003065	-6.130891
0.17	-0.003065	-6.130891
0.18	-0.003065	-6.130891
0.19	-0.003065	-6.130891
0.2	-0.003059	-6.118681
0.21	-0.003059	-6.118681
0.22	-0.003059	-6.118681
0.23	-0.003053	-6.106471
0.24	-0.003053	-6.106471
0.25	-0.003053	-6.106471
0.26	-0.003047	-6.094261
0.27	-0.003047	-6.094261
0.28	-0.003041	-6.082051
0.29	-0.003041	-6.082051
0.3	-0.003035	-6.069841
0.31	-0.003035	-6.069841
0.32	-0.003029	-6.057631
0.33	-0.003029	-6.057631
0.34	-0.003023	-6.045421
0.35	-0.003017	-6.033211
0.36	-0.003017	-6.033211
0.37	-0.003011	-6.021001
0.38	-0.003004	-6.008791
0.39	-0.003004	-6.008791
0.4	-0.002998	-5.996581
0.41	-0.002992	-5.984371
0.42	-0.002992	-5.984371
0.43	-0.00298	-5.959951
0.44	-0.00298	-5.959951
0.45	-0.002974	-5.947741
0.46	-0.002968	-5.935531
0.47	-0.002962	-5.923321
0.48	-0.002949	-5.898901
0.49	-0.002943	-5.886691
0.5	-0.002937	-5.874481
0.51	-0.002925	-5.850061
0.52	-0.002919	-5.837851
0.53	-0.002907	-5.813431
0.54	-0.002895	-5.789011
0.55	-0.002882	-5.764591
0.56	-0.00287	-5.740171
0.57	-0.002852	-5.703541
0.58	-0.00284	-5.679121
0.59	-0.002815	-5.630281
0.6	-0.002797	-5.593651
0.61	-0.002766	-5.532601
0.62	-0.002742	-5.483761
0.63	-0.002699	-5.398291
0.64	-0.002663	-5.325031
0.65	-0.002595	-5.19072
0.66	-0.002553	-5.10525
0.67	-0.002461	-4.9221
0.68	-0.002382	-4.76337
0.69	-0.002253	-4.50696
0.7	-0.002156	-4.3116
0.71	-0.001967	-3.933089
0.72	-0.001826	-3.652259
0.73	-0.001582	-3.163858
0.74	-0.001399	-2.797558
0.75	-0.001081	-2.162637
0.76	-0.000869	-1.738148
0.77	-0.000498	-0.995037
0.78	-0.000212	-0.424258
0.79	0.000224	0.447187
0.8	0.000532	1.063188
0.81	0.001009	2.017744
0.82	0.00133	2.660317
0.83	0.001831	3.661538
0.84	0.002185	4.369719
0.85	0.002716	5.43199
0.86	0.003027	6.054701
0.87	0.003577	7.153602
0.88	0.003931	7.861783
0.89	0.004444	8.887424
0.9	0.004773	9.546764
0.91	0.005292	10.584615
0.92	0.005628	11.256166
0.93	0.006123	12.245177
0.94	0.006434	12.867888
0.95	0.006916	13.832479
0.96	0.007221	14.442979
0.97	0.007673	15.34652
0.98	0.007979	15.957021
0.99	0.00843	16.860562
1	0.008736	17.471062
1.01	0.009181	18.362393
1.02	0.009486	18.972894
1.03	0.009932	19.864225
1.04	0.010219	20.438095
1.05	0.010665	21.329426
1.06	0.011287	22.573871
1.07	0.011653	23.306471
1.08	0.011958	23.916972
1.09	0.012386	24.771673
1.1	0.012752	25.504274
1.11	0.013241	26.481074
1.12	0.013546	27.091575
1.13	0.014034	28.068376
1.14	0.0144	28.800977
1.15	0.014828	29.655678
1.16	0.015133	30.266178
1.17	0.015621	31.242979
1.18	0.015988	31.97558
1.19	0.016415	32.830281
1.2	0.016842	33.684982
1.21	0.017392	34.783883
1.22	0.017697	35.394383
1.23	0.018247	36.493284
1.24	0.018552	37.103785
1.25	0.019101	38.202686
1.26	0.019468	38.935287
1.27	0.020017	40.034188
1.28	0.020383	40.766789
1.29	0.020872	41.74359
1.3	0.021299	42.598291
1.31	0.021788	43.575092
1.32	0.022215	44.429792
1.33	0.022764	45.528694
1.34	0.023131	46.261294
1.35	0.02368	47.360195
1.36	0.024107	48.214896
1.37	0.024657	49.313797
1.38	0.025023	50.046398
1.39	0.025634	51.267399
1.4	0.026	52
1.41	0.025939	51.8779
1.42	0.026427	52.854701
1.43	0.027038	54.075702
1.44	0.027038	54.075702
1.45	0.027038	54.075702
1.46	0.026977	53.953602
1.47	0.026977	53.953602
1.48	0.026977	53.953602
1.49	0.026977	53.953602
1.5	0.026977	53.953602
1.51	0.027038	54.075702
1.52	0.026977	53.953602
1.53	0.026977	53.953602
1.54	0.026977	53.953602
1.55	0.026977	53.953602
1.56	0.026916	53.831502
1.57	0.026916	53.831502
1.58	0.026977	53.953602
1.59	0.026977	53.953602
1.6	0.026916	53.831502
1.61	0.026916	53.831502
1.62	0.026916	53.831502
1.63	0.026916	53.831502
1.64	0.026916	53.831502
1.65	0.026916	53.831502
1.66	0.026916	53.831502
1.67	0.026916	53.831502
1.68	0.026916	53.831502
1.69	0.026916	53.831502
1.7	0.026916	53.831502
1.71	0.026855	53.709402
1.72	0.026916	53.831502
1.73	0.026916	53.831502
1.74	0.026855	53.709402
1.75	0.026855	53.709402
1.76	0.026855	53.709402
1.77	0.026855	53.709402
1.78	0.026855	53.709402
1.79	0.026916	53.831502
1.8	0.026855	53.709402
1.81	0.026855	53.709402
1.82	0.026855	53.709402
1.83	0.026855	53.709402
1.84	0.026855	53.709402
1.85	0.026855	53.709402
1.86	0.026855	53.709402
1.87	0.026855	53.709402
1.88	0.026855	53.709402
1.89	0.026855	53.709402
1.9	0.026855	53.709402
1.91	0.026794	53.587302
1.92	0.026794	53.587302
1.93	0.026855	53.709402
1.94	0.026855	53.709402
1.95	0.026855	53.709402
1.96	0.026794	53.587302
1.97	0.026794	53.587302
1.98	0.026794	53.587302
1.99	0.026794	53.587302
