-0.01	-0.005098	-10.196825
0	-0.005098	-10.196825
0.01	-0.005098	-10.196825
0.02	-0.005098	-10.196825
0.03	-0.005092	-10.184615
0.04	-0.005092	-10.184615
0.05	-0.005092	-10.184615
0.06	-0.005086	-10.172405
0.07	-0.00508	-10.160195
0.08	-0.00508	-10.160195
0.09	-0.00508	-10.160195
0.1	-0.005074	-10.147985
0.11	-0.005068	-10.135775
0.12	-0.005068	-10.135775
0.13	-0.005062	-10.123565
0.14	-0.005062	-10.123565
0.15	-0.005056	-10.111355
0.16	-0.00505	-10.099145
0.17	-0.005043	-10.086935
0.18	-0.005043	-10.086935
0.19	-0.005037	-10.074725
0.2	-0.005031	-10.062515
0.21	-0.005025	-10.050305
0.22	-0.005019	-10.038095
0.23	-0.005013	-10.025885
0.24	-0.005007	-10.013675
0.25	-0.005007	-10.013675
0.26	-0.004995	-9.989255
0.27	-0.004989	-9.977045
0.28	-0.004982	-9.964835
0.29	-0.004976	-9.952625
0.3	-0.00497	-9.940415
0.31	-0.004958	-9.915995
0.32	-0.004952	-9.903785
0.33	-0.00494	-9.879365
0.34	-0.004927	-9.854945
0.35	-0.004915	-9.830525
0.36	-0.004909	-9.818315
0.37	-0.004891	-9.781685
0.38	-0.004879	-9.757265
0.39	-0.00486	-9.720635
0.4	-0.004848	-9.696215
0.41	-0.00483	-9.659585
0.42	-0.004811	-9.622955
0.43	-0.004787	-9.574115
0.44	-0.004763	-9.525275
0.45	-0.004726	-9.452015
0.46	-0.004702	-9.403175
0.47	-0.004659	-9.317705
0.48	-0.004622	-9.244444
0.49	-0.004561	-9.122344
0.5	-0.004518	-9.036874
0.51	-0.004439	-8.878144
0.52	-0.004372	-8.743834
0.53	-0.004262	-8.524054
0.54	-0.004183	-8.365324
0.55	-0.00403	-8.060073
0.56	-0.00389	-7.779243
0.57	-0.003725	-7.449573
0.58	-0.003584	-7.168742
0.59	-0.003328	-6.655922
0.6	-0.003139	-6.277411
0.61	-0.002833	-5.666911
0.62	-0.002601	-5.20293
0.63	-0.002229	-4.45812
0.64	-0.001948	-3.896459
0.65	-0.001509	-3.017338
0.66	-0.001185	-2.370208
0.67	-0.000715	-1.430148
0.68	-0.000345	-0.689481
0.69	0.000232	0.464298
0.7	0.000623	1.245299
0.71	0.001232	2.464957
0.72	0.001654	3.307448
0.73	0.002313	4.626129
0.74	0.002753	5.50525
0.75	0.003449	6.897192
0.76	0.003919	7.837363
0.77	0.004639	9.278144
0.78	0.005121	10.242735
0.79	0.005872	11.744567
0.8	0.006385	12.770208
0.81	0.00716	14.320879
0.82	0.007679	15.35873
0.83	0.008461	16.921612
0.84	0.008992	17.983883
0.85	0.009786	19.571184
0.86	0.010347	20.694505
0.87	0.011348	22.695971
0.88	0.011897	23.794872
0.89	0.012752	25.504274
0.9	0.013302	26.603175
0.91	0.014156	28.312576
0.92	0.014706	29.411477
0.93	0.015621	31.242979
0.94	0.016171	32.34188
0.95	0.017026	34.051282
0.96	0.017575	35.150183
0.97	0.01843	36.859585
0.98	0.01904	38.080586
0.99	0.019895	39.789988
1	0.020505	41.010989
1.01	0.02136	42.720391
1.02	0.021971	43.941392
1.03	0.022825	45.650794
1.04	0.023436	46.871795
1.05	0.024291	48.581197
1.06	0.025084	50.168498
1.07	0.025756	51.5116
1.08	0.025634	51.267399
1.09	0.026916	53.831502
1.1	0.026916	53.831502
1.11	0.026916	53.831502
1.12	0.026855	53.709402
1.13	0.026855	53.709402
1.14	0.026855	53.709402
1.15	0.026855	53.709402
1.16	0.026855	53.709402
1.17	0.026855	53.709402
1.18	0.026794	53.587302
1.19	0.026794	53.587302
1.2	0.026794	53.587302
1.21	0.026794	53.587302
1.22	0.026794	53.587302
1.23	0.026794	53.587302
1.24	0.026794	53.587302
1.25	0.026794	53.587302
1.26	0.026794	53.587302
1.27	0.026794	53.587302
1.28	0.026794	53.587302
1.29	0.026733	53.465201
1.3	0.026794	53.587302
1.31	0.026794	53.587302
1.32	0.026733	53.465201
1.33	0.026733	53.465201
1.34	0.026733	53.465201
1.35	0.026733	53.465201
1.36	0.026733	53.465201
1.37	0.026733	53.465201
1.38	0.026733	53.465201
1.39	0.026733	53.465201
1.4	0.026733	53.465201
1.41	0.026733	53.465201
1.42	0.026733	53.465201
1.43	0.026733	53.465201
1.44	0.026733	53.465201
1.45	0.026733	53.465201
1.46	0.026733	53.465201
1.47	0.026672	53.343101
1.48	0.026672	53.343101
1.49	0.026672	53.343101
1.5	0.026672	53.343101
1.51	0.026672	53.343101
1.52	0.026672	53.343101
1.53	0.026672	53.343101
1.54	0.026672	53.343101
1.55	0.026672	53.343101
1.56	0.026672	53.343101
1.57	0.026672	53.343101
1.58	0.026672	53.343101
1.59	0.026672	53.343101
1.6	0.026611	53.221001
1.61	0.026672	53.343101
1.62	0.026611	53.221001
1.63	0.026611	53.221001
1.64	0.026611	53.221001
1.65	0.026672	53.343101
1.66	0.026611	53.221001
1.67	0.026672	53.343101
1.68	0.026611	53.221001
1.69	0.026611	53.221001
1.7	0.026611	53.221001
1.71	0.026611	53.221001
1.72	0.026611	53.221001
1.73	0.026611	53.221001
1.74	0.026611	53.221001
1.75	0.026611	53.221001
1.76	0.026611	53.221001
1.77	0.026611	53.221001
1.78	0.026611	53.221001
1.79	0.026611	53.221001
1.8	0.026611	53.221001
1.81	0.026611	53.221001
1.82	0.026611	53.221001
1.83	0.026611	53.221001
1.84	0.026611	53.221001
1.85	0.026611	53.221001
1.86	0.026611	53.221001
1.87	0.026611	53.221001
1.88	0.026611	53.221001
1.89	0.026611	53.221001
1.9	0.026611	53.221001
1.91	0.026549	53.098901
1.92	0.026611	53.221001
1.93	0.026549	53.098901
1.94	0.026611	53.221001
1.95	0.026549	53.098901
1.96	0.026549	53.098901
1.97	0.026549	53.098901
1.98	0.026549	53.098901
1.99	0.026549	53.098901
