-0.01	-6.649164E-7	-0.00133
0	4.510867E-8	9.021734E-5
0.01	1.125439E-6	0.002251
0.02	1.892257E-6	0.003785
0.03	2.989825E-6	0.00598
0.04	3.791419E-6	0.007583
0.05	4.858157E-6	0.009716
0.06	5.616588E-6	0.011233
0.07	6.775817E-6	0.013552
0.08	7.558914E-6	0.015118
0.09	8.742807E-6	0.017486
0.1	9.575232E-6	0.01915
0.11	1.087012E-5	0.02174
0.12	1.154268E-5	0.023085
0.13	1.294824E-5	0.025896
0.14	1.380379E-5	0.027608
0.15	1.527046E-5	0.030541
0.16	1.630935E-5	0.032619
0.17	1.753157E-5	0.035063
0.18	1.838713E-5	0.036774
0.19	2.022046E-5	0.040441
0.2	2.138158E-5	0.042763
0.21	2.303158E-5	0.046063
0.22	2.437602E-5	0.048752
0.23	2.633158E-5	0.052663
0.24	2.779825E-5	0.055597
0.25	3.012047E-5	0.060241
0.26	3.152603E-5	0.063052
0.27	3.452048E-5	0.069041
0.28	3.659826E-5	0.073197
0.29	4.002048E-5	0.080041
0.3	4.252604E-5	0.085052
0.31	4.662049E-5	0.093241
0.32	5.010383E-5	0.100208
0.33	5.603161E-5	0.112063
0.34	6.018717E-5	0.120374
0.35	6.782607E-5	0.135652
0.36	7.424274E-5	0.148485
0.37	8.54872E-5	0.170974
0.38	9.392054E-5	0.187841
0.39	0.000109	0.218641
0.4	0.000123	0.24552
0.41	0.000145	0.290743
0.42	0.000164	0.327409
0.43	0.000199	0.397076
0.44	0.000225	0.450854
0.45	0.000275	0.549854
0.46	0.000312	0.623187
0.47	0.000384	0.76741
0.48	0.000441	0.881076
0.49	0.000547	1.094966
0.5	0.000626	1.25141
0.51	0.000774	1.547188
0.52	0.000882	1.763522
0.53	0.001077	2.154633
0.54	0.00122	2.440537
0.55	0.001483	2.965568
0.56	0.001715	3.429548
0.57	0.001989	3.978999
0.58	0.002221	4.442979
0.59	0.002612	5.22442
0.6	0.002875	5.749451
0.61	0.003333	6.665201
0.62	0.003644	7.287912
0.63	0.004151	8.301343
0.64	0.004493	8.985104
0.65	0.00506	10.120635
0.66	0.005439	10.877656
0.67	0.006013	12.025397
0.68	0.006446	12.892308
0.69	0.007075	14.149939
0.7	0.007515	15.02906
0.71	0.008198	16.396581
0.72	0.008607	17.214652
0.73	0.009322	18.643223
0.74	0.009779	19.558974
0.75	0.010506	21.011966
0.76	0.01097	21.939927
0.77	0.011897	23.794872
0.78	0.012386	24.771673
0.79	0.013179	26.358974
0.8	0.013668	27.335775
0.81	0.014462	28.923077
0.82	0.01495	29.899878
0.83	0.015744	31.487179
0.84	0.016293	32.586081
0.85	0.017087	34.173382
0.86	0.017575	35.150183
0.87	0.01843	36.859585
0.88	0.018979	37.958486
0.89	0.019773	39.545788
0.9	0.020322	40.644689
0.91	0.021116	42.23199
0.92	0.021665	43.330891
0.93	0.02252	45.040293
0.94	0.02307	46.139194
0.95	0.023863	47.726496
0.96	0.024413	48.825397
0.97	0.025267	50.534799
0.98	0.025817	51.6337
0.99	0.026672	53.343101
1	0.026427	52.854701
1.01	0.027526	55.052503
1.02	0.027526	55.052503
1.03	0.027526	55.052503
1.04	0.027526	55.052503
1.05	0.027465	54.930403
1.06	0.027465	54.930403
1.07	0.027465	54.930403
1.08	0.027465	54.930403
1.09	0.027465	54.930403
1.1	0.027404	54.808303
1.11	0.027465	54.930403
1.12	0.027404	54.808303
1.13	0.027465	54.930403
1.14	0.027404	54.808303
1.15	0.027404	54.808303
1.16	0.027404	54.808303
1.17	0.027404	54.808303
1.18	0.027404	54.808303
1.19	0.027404	54.808303
1.2	0.027343	54.686203
1.21	0.027343	54.686203
1.22	0.027343	54.686203
1.23	0.027343	54.686203
1.24	0.027343	54.686203
1.25	0.027343	54.686203
1.26	0.027343	54.686203
1.27	0.027343	54.686203
1.28	0.027343	54.686203
1.29	0.027343	54.686203
1.3	0.027343	54.686203
1.31	0.027343	54.686203
1.32	0.027282	54.564103
1.33	0.027282	54.564103
1.34	0.027282	54.564103
1.35	0.027282	54.564103
1.36	0.027282	54.564103
1.37	0.027282	54.564103
1.38	0.027282	54.564103
1.39	0.027282	54.564103
1.4	0.027282	54.564103
1.41	0.027282	54.564103
1.42	0.027282	54.564103
1.43	0.027282	54.564103
1.44	0.027221	54.442002
1.45	0.027221	54.442002
1.46	0.027282	54.564103
1.47	0.027282	54.564103
1.48	0.027282	54.564103
1.49	0.027282	54.564103
1.5	0.027221	54.442002
1.51	0.027221	54.442002
1.52	0.027221	54.442002
1.53	0.027221	54.442002
1.54	0.027221	54.442002
1.55	0.027221	54.442002
1.56	0.027221	54.442002
1.57	0.027221	54.442002
1.58	0.027221	54.442002
1.59	0.027221	54.442002
1.6	0.027221	54.442002
1.61	0.027221	54.442002
1.62	0.027221	54.442002
1.63	0.027221	54.442002
1.64	0.02716	54.319902
1.65	0.02716	54.319902
1.66	0.02716	54.319902
1.67	0.02716	54.319902
1.68	0.02716	54.319902
1.69	0.027221	54.442002
1.7	0.027221	54.442002
1.71	0.02716	54.319902
1.72	0.02716	54.319902
1.73	0.02716	54.319902
1.74	0.02716	54.319902
1.75	0.02716	54.319902
1.76	0.02716	54.319902
1.77	0.02716	54.319902
1.78	0.02716	54.319902
1.79	0.02716	54.319902
1.8	0.02716	54.319902
1.81	0.027099	54.197802
1.82	0.027099	54.197802
1.83	0.027099	54.197802
1.84	0.02716	54.319902
1.85	0.027099	54.197802
1.86	0.027099	54.197802
1.87	0.027099	54.197802
1.88	0.027099	54.197802
1.89	0.027099	54.197802
1.9	0.027099	54.197802
1.91	0.027099	54.197802
1.92	0.027099	54.197802
1.93	0.027099	54.197802
1.94	0.027099	54.197802
1.95	0.027099	54.197802
1.96	0.027099	54.197802
1.97	0.027099	54.197802
1.98	0.027099	54.197802
1.99	0.027099	54.197802
