-0.01	-0.003065	-6.130891
0	-0.003065	-6.130891
0.01	-0.003059	-6.118681
0.02	-0.003059	-6.118681
0.03	-0.003053	-6.106471
0.04	-0.003047	-6.094261
0.05	-0.003041	-6.082051
0.06	-0.003041	-6.082051
0.07	-0.003035	-6.069841
0.08	-0.003029	-6.057631
0.09	-0.003023	-6.045421
0.1	-0.003011	-6.021001
0.11	-0.003004	-6.008791
0.12	-0.002998	-5.996581
0.13	-0.002992	-5.984371
0.14	-0.002986	-5.972161
0.15	-0.002974	-5.947741
0.16	-0.002968	-5.935531
0.17	-0.002956	-5.911111
0.18	-0.002943	-5.886691
0.19	-0.002931	-5.862271
0.2	-0.002919	-5.837851
0.21	-0.002901	-5.801221
0.22	-0.002882	-5.764591
0.23	-0.002864	-5.727961
0.24	-0.00284	-5.679121
0.25	-0.002809	-5.618071
0.26	-0.002791	-5.581441
0.27	-0.002748	-5.495971
0.28	-0.002717	-5.434921
0.29	-0.002663	-5.325031
0.3	-0.00262	-5.23956
0.31	-0.002547	-5.09304
0.32	-0.002492	-4.98315
0.33	-0.002388	-4.77558
0.34	-0.002315	-4.62906
0.35	-0.002186	-4.37265
0.36	-0.002076	-4.152869
0.37	-0.001905	-3.810989
0.38	-0.001777	-3.554579
0.39	-0.001558	-3.115018
0.4	-0.001393	-2.785348
0.41	-0.001124	-2.248107
0.42	-0.000953	-1.905593
0.43	-0.000612	-1.223592
0.44	-0.000378	-0.756703
0.45	-3.141848E-5	-0.062837
0.46	0.000243	0.486298
0.47	0.000688	1.376077
0.48	0.001002	2.003078
0.49	0.001489	2.977778
0.5	0.001812	3.624908
0.51	0.002331	4.662759
0.52	0.002698	5.39536
0.53	0.003284	6.567521
0.54	0.00365	7.300122
0.55	0.004267	8.533333
0.56	0.004755	9.510134
0.57	0.005286	10.572405
0.58	0.005726	11.451526
0.59	0.006355	12.709158
0.6	0.006806	13.612698
0.61	0.007466	14.93138
0.62	0.007917	15.834921
0.63	0.008613	17.226862
0.64	0.009084	18.167033
0.65	0.009786	19.571184
0.66	0.010256	20.511355
0.67	0.010988	21.976557
0.68	0.011653	23.306471
0.69	0.012386	24.771673
0.7	0.012874	25.748474
0.71	0.013668	27.335775
0.72	0.014156	28.312576
0.73	0.014889	29.777778
0.74	0.015377	30.754579
0.75	0.016171	32.34188
0.76	0.01672	33.440781
0.77	0.017453	34.905983
0.78	0.018002	36.004884
0.79	0.018796	37.592186
0.8	0.019346	38.691087
0.81	0.020078	40.156288
0.82	0.020628	41.255189
0.83	0.021421	42.842491
0.84	0.021971	43.941392
0.85	0.022764	45.528694
0.86	0.023314	46.627595
0.87	0.024107	48.214896
0.88	0.024657	49.313797
0.89	0.025389	50.778999
0.9	0.026	52
0.91	0.026122	52.2442
0.92	0.027038	54.075702
0.93	0.027038	54.075702
0.94	0.027038	54.075702
0.95	0.027038	54.075702
0.96	0.027038	54.075702
0.97	0.027038	54.075702
0.98	0.026977	53.953602
0.99	0.026977	53.953602
1	0.026977	53.953602
1.01	0.026977	53.953602
1.02	0.026977	53.953602
1.03	0.026977	53.953602
1.04	0.026977	53.953602
1.05	0.026916	53.831502
1.06	0.026977	53.953602
1.07	0.026916	53.831502
1.08	0.026916	53.831502
1.09	0.026916	53.831502
1.1	0.026916	53.831502
1.11	0.026916	53.831502
1.12	0.026916	53.831502
1.13	0.026916	53.831502
1.14	0.026855	53.709402
1.15	0.026916	53.831502
1.16	0.026916	53.831502
1.17	0.026855	53.709402
1.18	0.026916	53.831502
1.19	0.026855	53.709402
1.2	0.026855	53.709402
1.21	0.026855	53.709402
1.22	0.026855	53.709402
1.23	0.026855	53.709402
1.24	0.026855	53.709402
1.25	0.026855	53.709402
1.26	0.026855	53.709402
1.27	0.026855	53.709402
1.28	0.026855	53.709402
1.29	0.026855	53.709402
1.3	0.026855	53.709402
1.31	0.026855	53.709402
1.32	0.026855	53.709402
1.33	0.026855	53.709402
1.34	0.026855	53.709402
1.35	0.026794	53.587302
1.36	0.026794	53.587302
1.37	0.026794	53.587302
1.38	0.026794	53.587302
1.39	0.026794	53.587302
1.4	0.026794	53.587302
1.41	0.026794	53.587302
1.42	0.026794	53.587302
1.43	0.026794	53.587302
1.44	0.026794	53.587302
1.45	0.026794	53.587302
1.46	0.026794	53.587302
1.47	0.026794	53.587302
1.48	0.026794	53.587302
1.49	0.026794	53.587302
1.5	0.026794	53.587302
1.51	0.026794	53.587302
1.52	0.026794	53.587302
1.53	0.026733	53.465201
1.54	0.026733	53.465201
1.55	0.026794	53.587302
1.56	0.026733	53.465201
1.57	0.026733	53.465201
1.58	0.026733	53.465201
1.59	0.026733	53.465201
1.6	0.026733	53.465201
1.61	0.026733	53.465201
1.62	0.026733	53.465201
1.63	0.026733	53.465201
1.64	0.026733	53.465201
1.65	0.026733	53.465201
1.66	0.026733	53.465201
1.67	0.026733	53.465201
1.68	0.026733	53.465201
1.69	0.026733	53.465201
1.7	0.026733	53.465201
1.71	0.026733	53.465201
1.72	0.026733	53.465201
1.73	0.026733	53.465201
1.74	0.026733	53.465201
1.75	0.026733	53.465201
1.76	0.026733	53.465201
1.77	0.026733	53.465201
1.78	0.026733	53.465201
1.79	0.026733	53.465201
1.8	0.026733	53.465201
1.81	0.026733	53.465201
1.82	0.026733	53.465201
1.83	0.026672	53.343101
1.84	0.026733	53.465201
1.85	0.026733	53.465201
1.86	0.026672	53.343101
1.87	0.026672	53.343101
1.88	0.026733	53.465201
1.89	0.026672	53.343101
1.9	0.026672	53.343101
1.91	0.026733	53.465201
1.92	0.026672	53.343101
1.93	0.026672	53.343101
1.94	0.026672	53.343101
1.95	0.026672	53.343101
1.96	0.026672	53.343101
1.97	0.026672	53.343101
1.98	0.026672	53.343101
1.99	0.026672	53.343101
