-0.01	-8.02463E-5	-0.160493
0	-8.030741E-5	-0.160615
0.01	-8.073519E-5	-0.16147
0.02	-7.994075E-5	-0.159881
0.03	-8.006297E-5	-0.160126
0.04	-8.018519E-5	-0.16037
0.05	-7.963519E-5	-0.15927
0.06	-8.012408E-5	-0.160248
0.07	-7.957408E-5	-0.159148
0.08	-7.920741E-5	-0.158415
0.09	-7.920741E-5	-0.158415
0.1	-7.91463E-5	-0.158293
0.11	-7.85963E-5	-0.157193
0.12	-7.890186E-5	-0.157804
0.13	-7.85963E-5	-0.157193
0.14	-7.853519E-5	-0.15707
0.15	-7.829074E-5	-0.156581
0.16	-7.829074E-5	-0.156581
0.17	-7.792408E-5	-0.155848
0.18	-7.786297E-5	-0.155726
0.19	-7.737408E-5	-0.154748
0.2	-7.712963E-5	-0.154259
0.21	-7.676297E-5	-0.153526
0.22	-7.676297E-5	-0.153526
0.23	-7.621297E-5	-0.152426
0.24	-7.590741E-5	-0.151815
0.25	-7.560185E-5	-0.151204
0.26	-7.517408E-5	-0.150348
0.27	-7.499074E-5	-0.149981
0.28	-7.486852E-5	-0.149737
0.29	-7.41963E-5	-0.148393
0.3	-7.401296E-5	-0.148026
0.31	-7.389074E-5	-0.147781
0.32	-7.303518E-5	-0.14607
0.33	-7.291296E-5	-0.145826
0.34	-7.254629E-5	-0.145093
0.35	-7.199629E-5	-0.143993
0.36	-7.132407E-5	-0.142648
0.37	-7.120185E-5	-0.142404
0.38	-7.059074E-5	-0.141181
0.39	-7.034629E-5	-0.140693
0.4	-6.936851E-5	-0.138737
0.41	-6.881851E-5	-0.137637
0.42	-6.863518E-5	-0.13727
0.43	-6.76574E-5	-0.135315
0.44	-6.71074E-5	-0.134215
0.45	-6.576295E-5	-0.131526
0.46	-6.521295E-5	-0.130426
0.47	-6.368517E-5	-0.12737
0.48	-6.282962E-5	-0.125659
0.49	-6.136295E-5	-0.122726
0.5	-6.00185E-5	-0.120037
0.51	-5.806295E-5	-0.116126
0.52	-5.61685E-5	-0.112337
0.53	-5.34185E-5	-0.106837
0.54	-5.024072E-5	-0.100481
0.55	-4.57796E-5	-0.091559
0.56	-4.19296E-5	-0.083859
0.57	-3.551292E-5	-0.071026
0.58	-2.964625E-5	-0.059293
0.59	-1.864624E-5	-0.037292
0.6	-1.094623E-5	-0.021892
0.61	5.647419E-6	0.011295
0.62	1.997602E-5	0.039952
0.63	4.759827E-5	0.095197
0.64	6.996496E-5	0.13993
0.65	0.000114	0.227187
0.66	0.00015	0.299298
0.67	0.000217	0.433743
0.68	0.000273	0.546187
0.69	0.000379	0.758854
0.7	0.000464	0.928743
0.71	0.000615	1.22941
0.72	0.000738	1.476299
0.73	0.000959	1.918744
0.74	0.00111	2.220757
0.75	0.001416	2.831258
0.76	0.001635	3.270818
0.77	0.001989	3.978999
0.78	0.002258	4.516239
0.79	0.002704	5.40757
0.8	0.003021	6.042491
0.81	0.003516	7.031502
0.82	0.003858	7.715263
0.83	0.004407	8.814164
0.84	0.004779	9.558974
0.85	0.00539	10.779976
0.86	0.005799	11.598046
0.87	0.006422	12.843468
0.88	0.006825	13.649328
0.89	0.00749	14.98022
0.9	0.007924	15.847131
0.91	0.008577	17.153602
0.92	0.009004	18.008303
0.93	0.009688	19.375824
0.94	0.010152	20.303785
0.95	0.010817	21.634676
0.96	0.01147	22.940171
0.97	0.012142	24.283272
0.98	0.012569	25.137973
0.99	0.013241	26.481074
1	0.013729	27.457875
1.01	0.0144	28.800977
1.02	0.014889	29.777778
1.03	0.015499	30.998779
1.04	0.015988	31.97558
1.05	0.016659	33.318681
1.06	0.017209	34.417582
1.07	0.017758	35.516484
1.08	0.018186	36.371184
1.09	0.018796	37.592186
1.1	0.019284	38.568987
1.11	0.019895	39.789988
1.12	0.020322	40.644689
1.13	0.020933	41.86569
1.14	0.021482	42.964591
1.15	0.021971	43.941392
1.16	0.022398	44.796093
1.17	0.023009	46.017094
1.18	0.023436	46.871795
1.19	0.023924	47.848596
1.2	0.024474	48.947497
1.21	0.025084	50.168498
1.22	0.025512	51.023199
1.23	0.026122	52.2442
1.24	0.026549	53.098901
1.25	0.026549	53.098901
1.26	0.027343	54.686203
1.27	0.027282	54.564103
1.28	0.027282	54.564103
1.29	0.027282	54.564103
1.3	0.027282	54.564103
1.31	0.027282	54.564103
1.32	0.027282	54.564103
1.33	0.027221	54.442002
1.34	0.027282	54.564103
1.35	0.027221	54.442002
1.36	0.027221	54.442002
1.37	0.027221	54.442002
1.38	0.027221	54.442002
1.39	0.027221	54.442002
1.4	0.027221	54.442002
1.41	0.027221	54.442002
1.42	0.027221	54.442002
1.43	0.027221	54.442002
1.44	0.027221	54.442002
1.45	0.02716	54.319902
1.46	0.02716	54.319902
1.47	0.02716	54.319902
1.48	0.02716	54.319902
1.49	0.02716	54.319902
1.5	0.02716	54.319902
1.51	0.02716	54.319902
1.52	0.02716	54.319902
1.53	0.02716	54.319902
1.54	0.02716	54.319902
1.55	0.02716	54.319902
1.56	0.02716	54.319902
1.57	0.027099	54.197802
1.58	0.02716	54.319902
1.59	0.02716	54.319902
1.6	0.027099	54.197802
1.61	0.027099	54.197802
1.62	0.027099	54.197802
1.63	0.027099	54.197802
1.64	0.027099	54.197802
1.65	0.027099	54.197802
1.66	0.027099	54.197802
1.67	0.027099	54.197802
1.68	0.027099	54.197802
1.69	0.027099	54.197802
1.7	0.027099	54.197802
1.71	0.027099	54.197802
1.72	0.027038	54.075702
1.73	0.027099	54.197802
1.74	0.027099	54.197802
1.75	0.027099	54.197802
1.76	0.027099	54.197802
1.77	0.027038	54.075702
1.78	0.027099	54.197802
1.79	0.027038	54.075702
1.8	0.027038	54.075702
1.81	0.027038	54.075702
1.82	0.027038	54.075702
1.83	0.027038	54.075702
1.84	0.027038	54.075702
1.85	0.027038	54.075702
1.86	0.027038	54.075702
1.87	0.027038	54.075702
1.88	0.027038	54.075702
1.89	0.027038	54.075702
1.9	0.027038	54.075702
1.91	0.026977	53.953602
1.92	0.027038	54.075702
1.93	0.027038	54.075702
1.94	0.027038	54.075702
1.95	0.027038	54.075702
1.96	0.027038	54.075702
1.97	0.027038	54.075702
1.98	0.026977	53.953602
1.99	0.026977	53.953602
