-0.01	-0.005691	-11.381197
0	-0.005691	-11.381197
0.01	-0.005684	-11.368987
0.02	-0.005678	-11.356777
0.03	-0.005672	-11.344567
0.04	-0.005666	-11.332357
0.05	-0.00566	-11.320147
0.06	-0.005654	-11.307937
0.07	-0.005648	-11.295726
0.08	-0.005642	-11.283516
0.09	-0.005636	-11.271306
0.1	-0.00563	-11.259096
0.11	-0.005623	-11.246886
0.12	-0.005611	-11.222466
0.13	-0.005605	-11.210256
0.14	-0.005599	-11.198046
0.15	-0.005587	-11.173626
0.16	-0.005581	-11.161416
0.17	-0.005568	-11.136996
0.18	-0.005562	-11.124786
0.19	-0.005544	-11.088156
0.2	-0.005532	-11.063736
0.21	-0.00552	-11.039316
0.22	-0.005507	-11.014896
0.23	-0.005489	-10.978266
0.24	-0.005471	-10.941636
0.25	-0.005453	-10.905006
0.26	-0.005434	-10.868376
0.27	-0.00541	-10.819536
0.28	-0.005385	-10.770696
0.29	-0.005349	-10.697436
0.3	-0.005318	-10.636386
0.31	-0.005275	-10.550916
0.32	-0.005239	-10.477656
0.33	-0.005178	-10.355556
0.34	-0.005129	-10.257875
0.35	-0.005056	-10.111355
0.36	-0.004989	-9.977045
0.37	-0.004885	-9.769475
0.38	-0.004805	-9.610745
0.39	-0.004665	-9.329915
0.4	-0.004561	-9.122344
0.41	-0.004384	-8.768254
0.42	-0.00425	-8.499634
0.43	-0.00403	-8.060073
0.44	-0.003865	-7.730403
0.45	-0.003584	-7.168742
0.46	-0.003377	-6.753602
0.47	-0.003059	-6.118681
0.48	-0.002815	-5.630281
0.49	-0.002431	-4.86105
0.5	-0.00215	-4.299389
0.51	-0.001716	-3.432479
0.52	-0.001411	-2.821978
0.53	-0.00094	-1.879926
0.54	-0.000595	-1.18937
0.55	-7.578519E-5	-0.15157
0.56	0.000393	0.786965
0.57	0.00087	1.739077
0.58	0.001251	2.501587
0.59	0.001861	3.722589
0.6	0.002283	4.565079
0.61	0.002924	5.847131
0.62	0.003357	6.714042
0.63	0.004004	8.008303
0.64	0.004462	8.924054
0.65	0.005152	10.303785
0.66	0.005616	11.231746
0.67	0.006306	12.611477
0.68	0.0068	13.600488
0.69	0.007508	15.01685
0.7	0.007991	15.981441
0.71	0.008729	17.458852
0.72	0.009236	18.472283
0.73	0.009963	19.925275
0.74	0.010482	20.963126
0.75	0.011409	22.818071
0.76	0.011897	23.794872
0.77	0.012691	25.382173
0.78	0.013241	26.481074
0.79	0.013973	27.946276
0.8	0.014523	29.045177
0.81	0.015377	30.754579
0.82	0.015927	31.85348
0.83	0.01672	33.440781
0.84	0.017209	34.417582
0.85	0.018002	36.004884
0.86	0.018552	37.103785
0.87	0.019407	38.813187
0.88	0.019956	39.912088
0.89	0.02075	41.499389
0.9	0.021299	42.598291
0.91	0.022093	44.185592
0.92	0.022642	45.284493
0.93	0.023436	46.871795
0.94	0.024046	48.092796
0.95	0.024901	49.802198
0.96	0.025451	50.901099
0.97	0.025573	51.145299
0.98	0.025939	51.8779
0.99	0.026794	53.587302
1	0.026794	53.587302
1.01	0.026794	53.587302
1.02	0.026794	53.587302
1.03	0.026794	53.587302
1.04	0.026794	53.587302
1.05	0.026794	53.587302
1.06	0.026794	53.587302
1.07	0.026733	53.465201
1.08	0.026733	53.465201
1.09	0.026733	53.465201
1.1	0.026733	53.465201
1.11	0.026733	53.465201
1.12	0.026733	53.465201
1.13	0.026733	53.465201
1.14	0.026733	53.465201
1.15	0.026733	53.465201
1.16	0.026733	53.465201
1.17	0.026672	53.343101
1.18	0.026733	53.465201
1.19	0.026672	53.343101
1.2	0.026672	53.343101
1.21	0.026672	53.343101
1.22	0.026672	53.343101
1.23	0.026672	53.343101
1.24	0.026672	53.343101
1.25	0.026672	53.343101
1.26	0.026672	53.343101
1.27	0.026672	53.343101
1.28	0.026672	53.343101
1.29	0.026672	53.343101
1.3	0.026611	53.221001
1.31	0.026611	53.221001
1.32	0.026672	53.343101
1.33	0.026611	53.221001
1.34	0.026611	53.221001
1.35	0.026611	53.221001
1.36	0.026611	53.221001
1.37	0.026611	53.221001
1.38	0.026611	53.221001
1.39	0.026611	53.221001
1.4	0.026611	53.221001
1.41	0.026611	53.221001
1.42	0.026611	53.221001
1.43	0.026611	53.221001
1.44	0.026611	53.221001
1.45	0.026611	53.221001
1.46	0.026611	53.221001
1.47	0.026611	53.221001
1.48	0.026549	53.098901
1.49	0.026611	53.221001
1.5	0.026611	53.221001
1.51	0.026611	53.221001
1.52	0.026549	53.098901
1.53	0.026611	53.221001
1.54	0.026549	53.098901
1.55	0.026549	53.098901
1.56	0.026549	53.098901
1.57	0.026549	53.098901
1.58	0.026549	53.098901
1.59	0.026549	53.098901
1.6	0.026549	53.098901
1.61	0.026549	53.098901
1.62	0.026549	53.098901
1.63	0.026549	53.098901
1.64	0.026549	53.098901
1.65	0.026549	53.098901
1.66	0.026549	53.098901
1.67	0.026549	53.098901
1.68	0.026549	53.098901
1.69	0.026549	53.098901
1.7	0.026488	52.976801
1.71	0.026549	53.098901
1.72	0.026549	53.098901
1.73	0.026549	53.098901
1.74	0.026549	53.098901
1.75	0.026549	53.098901
1.76	0.026488	52.976801
1.77	0.026549	53.098901
1.78	0.026549	53.098901
1.79	0.026549	53.098901
1.8	0.026549	53.098901
1.81	0.026488	52.976801
1.82	0.026549	53.098901
1.83	0.026488	52.976801
1.84	0.026488	52.976801
1.85	0.026488	52.976801
1.86	0.026488	52.976801
1.87	0.026549	53.098901
1.88	0.026488	52.976801
1.89	0.026488	52.976801
1.9	0.026488	52.976801
1.91	0.026488	52.976801
1.92	0.026488	52.976801
1.93	0.026488	52.976801
1.94	0.026488	52.976801
1.95	0.026488	52.976801
1.96	0.026488	52.976801
1.97	0.026488	52.976801
1.98	0.026488	52.976801
1.99	0.026488	52.976801
