-0.01	-8.18963E-5	-0.163793
0	-8.171297E-5	-0.163426
0.01	-8.128519E-5	-0.16257
0.02	-8.146853E-5	-0.162937
0.03	-8.073519E-5	-0.16147
0.04	-8.036852E-5	-0.160737
0.05	-8.012408E-5	-0.160248
0.06	-7.957408E-5	-0.159148
0.07	-7.91463E-5	-0.158293
0.08	-7.865741E-5	-0.157315
0.09	-7.822963E-5	-0.156459
0.1	-7.780186E-5	-0.155604
0.11	-7.755741E-5	-0.155115
0.12	-7.688519E-5	-0.15377
0.13	-7.615185E-5	-0.152304
0.14	-7.590741E-5	-0.151815
0.15	-7.511296E-5	-0.150226
0.16	-7.437963E-5	-0.148759
0.17	-7.401296E-5	-0.148026
0.18	-7.370741E-5	-0.147415
0.19	-7.297407E-5	-0.145948
0.2	-7.224074E-5	-0.144481
0.21	-7.187407E-5	-0.143748
0.22	-7.138518E-5	-0.14277
0.23	-7.022407E-5	-0.140448
0.24	-7.004074E-5	-0.140081
0.25	-6.87574E-5	-0.137515
0.26	-6.796296E-5	-0.135926
0.27	-6.771851E-5	-0.135437
0.28	-6.680184E-5	-0.133604
0.29	-6.60074E-5	-0.132015
0.3	-6.478518E-5	-0.12957
0.31	-6.38074E-5	-0.127615
0.32	-6.313517E-5	-0.12627
0.33	-6.154628E-5	-0.123093
0.34	-6.069073E-5	-0.121381
0.35	-5.873517E-5	-0.11747
0.36	-5.720739E-5	-0.114415
0.37	-5.537406E-5	-0.110748
0.38	-5.415183E-5	-0.108304
0.39	-5.164627E-5	-0.103293
0.4	-4.950738E-5	-0.099015
0.41	-4.571849E-5	-0.091437
0.42	-4.345738E-5	-0.086915
0.43	-3.899626E-5	-0.077993
0.44	-3.502404E-5	-0.070048
0.45	-2.805736E-5	-0.056115
0.46	-2.310736E-5	-0.046215
0.47	-1.339068E-5	-0.026781
0.48	-6.493656E-6	-0.012987
0.49	8.446834E-6	0.016894
0.5	1.98538E-5	0.039708
0.51	4.17316E-5	0.083463
0.52	5.884273E-5	0.117685
0.53	9.068165E-5	0.181363
0.54	0.000118	0.235742
0.55	0.000168	0.335965
0.56	0.000221	0.441076
0.57	0.000282	0.563298
0.58	0.000336	0.672076
0.59	0.000444	0.887188
0.6	0.000529	1.058299
0.61	0.000682	1.363855
0.62	0.0008	1.599744
0.63	0.001008	2.016522
0.64	0.001159	2.318437
0.65	0.00144	2.880098
0.66	0.001635	3.270818
0.67	0.001977	3.954579
0.68	0.002252	4.504029
0.69	0.002667	5.33431
0.7	0.002966	5.932601
0.71	0.003467	6.933822
0.72	0.003803	7.605372
0.73	0.00434	8.679853
0.74	0.004725	9.449084
0.75	0.005341	10.682295
0.76	0.005744	11.488156
0.77	0.006403	12.806838
0.78	0.006849	13.698168
0.79	0.007527	15.05348
0.8	0.007991	15.981441
0.81	0.008705	17.410012
0.82	0.009206	18.411233
0.83	0.00995	19.900855
0.84	0.010463	20.926496
0.85	0.011409	22.818071
0.86	0.011958	23.916972
0.87	0.012752	25.504274
0.88	0.013302	26.603175
0.89	0.014095	28.190476
0.9	0.014645	29.289377
0.91	0.015438	30.876679
0.92	0.015988	31.97558
0.93	0.016842	33.684982
0.94	0.017392	34.783883
0.95	0.018247	36.493284
0.96	0.018796	37.592186
0.97	0.019712	39.423687
0.98	0.020261	40.522589
0.99	0.021116	42.23199
1	0.021665	43.330891
1.01	0.022581	45.162393
1.02	0.023131	46.261294
1.03	0.023985	47.970696
1.04	0.024596	49.191697
1.05	0.025451	50.901099
1.06	0.026183	52.3663
1.07	0.026305	52.610501
1.08	0.027343	54.686203
1.09	0.027343	54.686203
1.1	0.027343	54.686203
1.11	0.027343	54.686203
1.12	0.027282	54.564103
1.13	0.027282	54.564103
1.14	0.027282	54.564103
1.15	0.027282	54.564103
1.16	0.027282	54.564103
1.17	0.027282	54.564103
1.18	0.027282	54.564103
1.19	0.027282	54.564103
1.2	0.027282	54.564103
1.21	0.027221	54.442002
1.22	0.027221	54.442002
1.23	0.027221	54.442002
1.24	0.027221	54.442002
1.25	0.027221	54.442002
1.26	0.027221	54.442002
1.27	0.027221	54.442002
1.28	0.027221	54.442002
1.29	0.02716	54.319902
1.3	0.027221	54.442002
1.31	0.027221	54.442002
1.32	0.02716	54.319902
1.33	0.02716	54.319902
1.34	0.027221	54.442002
1.35	0.02716	54.319902
1.36	0.02716	54.319902
1.37	0.02716	54.319902
1.38	0.02716	54.319902
1.39	0.02716	54.319902
1.4	0.02716	54.319902
1.41	0.02716	54.319902
1.42	0.02716	54.319902
1.43	0.02716	54.319902
1.44	0.027099	54.197802
1.45	0.02716	54.319902
1.46	0.027099	54.197802
1.47	0.027099	54.197802
1.48	0.027099	54.197802
1.49	0.027099	54.197802
1.5	0.027099	54.197802
1.51	0.027099	54.197802
1.52	0.027099	54.197802
1.53	0.027099	54.197802
1.54	0.027099	54.197802
1.55	0.027099	54.197802
1.56	0.027099	54.197802
1.57	0.027099	54.197802
1.58	0.027099	54.197802
1.59	0.027099	54.197802
1.6	0.027038	54.075702
1.61	0.027038	54.075702
1.62	0.027038	54.075702
1.63	0.027038	54.075702
1.64	0.027038	54.075702
1.65	0.027099	54.197802
1.66	0.027038	54.075702
1.67	0.027038	54.075702
1.68	0.027038	54.075702
1.69	0.027038	54.075702
1.7	0.027038	54.075702
1.71	0.027038	54.075702
1.72	0.027038	54.075702
1.73	0.027038	54.075702
1.74	0.027038	54.075702
1.75	0.027038	54.075702
1.76	0.027038	54.075702
1.77	0.027038	54.075702
1.78	0.026977	53.953602
1.79	0.027038	54.075702
1.8	0.027038	54.075702
1.81	0.026977	53.953602
1.82	0.027038	54.075702
1.83	0.026977	53.953602
1.84	0.026977	53.953602
1.85	0.026977	53.953602
1.86	0.027038	54.075702
1.87	0.026977	53.953602
1.88	0.026977	53.953602
1.89	0.026977	53.953602
1.9	0.026977	53.953602
1.91	0.026977	53.953602
1.92	0.026977	53.953602
1.93	0.027038	54.075702
1.94	0.026977	53.953602
1.95	0.026977	53.953602
1.96	0.026977	53.953602
1.97	0.026977	53.953602
1.98	0.026977	53.953602
1.99	0.026977	53.953602
