-0.01	-0.003096	-6.191941
0	-0.003096	-6.191941
0.01	-0.003096	-6.191941
0.02	-0.003096	-6.191941
0.03	-0.00309	-6.179731
0.04	-0.00309	-6.179731
0.05	-0.00309	-6.179731
0.06	-0.00309	-6.179731
0.07	-0.003084	-6.167521
0.08	-0.003084	-6.167521
0.09	-0.003084	-6.167521
0.1	-0.003084	-6.167521
0.11	-0.003078	-6.155311
0.12	-0.003078	-6.155311
0.13	-0.003072	-6.143101
0.14	-0.003072	-6.143101
0.15	-0.003072	-6.143101
0.16	-0.003065	-6.130891
0.17	-0.003065	-6.130891
0.18	-0.003059	-6.118681
0.19	-0.003059	-6.118681
0.2	-0.003053	-6.106471
0.21	-0.003053	-6.106471
0.22	-0.003053	-6.106471
0.23	-0.003047	-6.094261
0.24	-0.003041	-6.082051
0.25	-0.003041	-6.082051
0.26	-0.003035	-6.069841
0.27	-0.003035	-6.069841
0.28	-0.003029	-6.057631
0.29	-0.003023	-6.045421
0.3	-0.003017	-6.033211
0.31	-0.003011	-6.021001
0.32	-0.003011	-6.021001
0.33	-0.002998	-5.996581
0.34	-0.002998	-5.996581
0.35	-0.002986	-5.972161
0.36	-0.002986	-5.972161
0.37	-0.002974	-5.947741
0.38	-0.002968	-5.935531
0.39	-0.002962	-5.923321
0.4	-0.002949	-5.898901
0.41	-0.002937	-5.874481
0.42	-0.002931	-5.862271
0.43	-0.002913	-5.825641
0.44	-0.002901	-5.801221
0.45	-0.002882	-5.764591
0.46	-0.002864	-5.727961
0.47	-0.00284	-5.679121
0.48	-0.002821	-5.642491
0.49	-0.002785	-5.569231
0.5	-0.00276	-5.520391
0.51	-0.002717	-5.434921
0.52	-0.002675	-5.349451
0.53	-0.002614	-5.22735
0.54	-0.002559	-5.11746
0.55	-0.002467	-4.93431
0.56	-0.002376	-4.75116
0.57	-0.002272	-4.54359
0.58	-0.002174	-4.34823
0.59	-0.002003	-4.006349
0.6	-0.001869	-3.737729
0.61	-0.001637	-3.273748
0.62	-0.001472	-2.944078
0.63	-0.001185	-2.370208
0.64	-0.000989	-1.977704
0.65	-0.000638	-1.276148
0.66	-0.000359	-0.718814
0.67	5.120383E-5	0.102408
0.68	0.000357	0.714854
0.69	0.000855	1.709744
0.7	0.001196	2.391697
0.71	0.001739	3.478388
0.72	0.002124	4.247619
0.73	0.002722	5.4442
0.74	0.003125	6.250061
0.75	0.003803	7.605372
0.76	0.00423	8.460073
0.77	0.004914	9.827595
0.78	0.005372	10.743346
0.79	0.00611	12.220757
0.8	0.006587	13.173138
0.81	0.007319	14.638339
0.82	0.00782	15.63956
0.83	0.008583	17.165812
0.84	0.00912	18.240293
0.85	0.009883	19.766545
0.86	0.010421	20.841026
0.87	0.011409	22.818071
0.88	0.011958	23.916972
0.89	0.012752	25.504274
0.9	0.013302	26.603175
0.91	0.014156	28.312576
0.92	0.014706	29.411477
0.93	0.01556	31.120879
0.94	0.01611	32.21978
0.95	0.016965	33.929182
0.96	0.017514	35.028083
0.97	0.01843	36.859585
0.98	0.018979	37.958486
0.99	0.019834	39.667888
1	0.020444	40.888889
1.01	0.021299	42.598291
1.02	0.02191	43.819292
1.03	0.022764	45.528694
1.04	0.023375	46.749695
1.05	0.024168	48.336996
1.06	0.024901	49.802198
1.07	0.025634	51.267399
1.08	0.026244	52.4884
1.09	0.026427	52.854701
1.1	0.027038	54.075702
1.11	0.027038	54.075702
1.12	0.027038	54.075702
1.13	0.026977	53.953602
1.14	0.027038	54.075702
1.15	0.026977	53.953602
1.16	0.026977	53.953602
1.17	0.027038	54.075702
1.18	0.026977	53.953602
1.19	0.026977	53.953602
1.2	0.026977	53.953602
1.21	0.026916	53.831502
1.22	0.026977	53.953602
1.23	0.026916	53.831502
1.24	0.026916	53.831502
1.25	0.026916	53.831502
1.26	0.026916	53.831502
1.27	0.026916	53.831502
1.28	0.026916	53.831502
1.29	0.026916	53.831502
1.3	0.026916	53.831502
1.31	0.026916	53.831502
1.32	0.026855	53.709402
1.33	0.026916	53.831502
1.34	0.026916	53.831502
1.35	0.026855	53.709402
1.36	0.026855	53.709402
1.37	0.026855	53.709402
1.38	0.026855	53.709402
1.39	0.026855	53.709402
1.4	0.026855	53.709402
1.41	0.026855	53.709402
1.42	0.026855	53.709402
1.43	0.026855	53.709402
1.44	0.026855	53.709402
1.45	0.026855	53.709402
1.46	0.026855	53.709402
1.47	0.026855	53.709402
1.48	0.026855	53.709402
1.49	0.026855	53.709402
1.5	0.026855	53.709402
1.51	0.026855	53.709402
1.52	0.026794	53.587302
1.53	0.026794	53.587302
1.54	0.026794	53.587302
1.55	0.026794	53.587302
1.56	0.026794	53.587302
1.57	0.026794	53.587302
1.58	0.026794	53.587302
1.59	0.026794	53.587302
1.6	0.026794	53.587302
1.61	0.026794	53.587302
1.62	0.026794	53.587302
1.63	0.026794	53.587302
1.64	0.026794	53.587302
1.65	0.026794	53.587302
1.66	0.026733	53.465201
1.67	0.026794	53.587302
1.68	0.026794	53.587302
1.69	0.026794	53.587302
1.7	0.026733	53.465201
1.71	0.026733	53.465201
1.72	0.026733	53.465201
1.73	0.026733	53.465201
1.74	0.026733	53.465201
1.75	0.026794	53.587302
1.76	0.026733	53.465201
1.77	0.026733	53.465201
1.78	0.026733	53.465201
1.79	0.026733	53.465201
1.8	0.026733	53.465201
1.81	0.026733	53.465201
1.82	0.026733	53.465201
1.83	0.026733	53.465201
1.84	0.026733	53.465201
1.85	0.026733	53.465201
1.86	0.026733	53.465201
1.87	0.026733	53.465201
1.88	0.026733	53.465201
1.89	0.026733	53.465201
1.9	0.026733	53.465201
1.91	0.026733	53.465201
1.92	0.026733	53.465201
1.93	0.026733	53.465201
1.94	0.026733	53.465201
1.95	0.026733	53.465201
1.96	0.026733	53.465201
1.97	0.026733	53.465201
1.98	0.026733	53.465201
1.99	0.026733	53.465201
