-0.01	-0.002327	-4.65348
0	-0.002327	-4.65348
0.01	-0.002327	-4.65348
0.02	-0.002327	-4.65348
0.03	-0.002327	-4.65348
0.04	-0.002327	-4.65348
0.05	-0.002327	-4.65348
0.06	-0.002327	-4.65348
0.07	-0.002327	-4.65348
0.08	-0.002327	-4.65348
0.09	-0.002327	-4.65348
0.1	-0.002327	-4.65348
0.11	-0.002327	-4.65348
0.12	-0.002321	-4.64127
0.13	-0.002321	-4.64127
0.14	-0.002321	-4.64127
0.15	-0.002321	-4.64127
0.16	-0.002321	-4.64127
0.17	-0.002315	-4.62906
0.18	-0.002315	-4.62906
0.19	-0.002315	-4.62906
0.2	-0.002315	-4.62906
0.21	-0.002308	-4.61685
0.22	-0.002308	-4.61685
0.23	-0.002308	-4.61685
0.24	-0.002308	-4.61685
0.25	-0.002308	-4.61685
0.26	-0.002308	-4.61685
0.27	-0.002302	-4.60464
0.28	-0.002302	-4.60464
0.29	-0.002296	-4.59243
0.3	-0.002296	-4.59243
0.31	-0.002296	-4.59243
0.32	-0.002296	-4.59243
0.33	-0.00229	-4.58022
0.34	-0.002284	-4.56801
0.35	-0.002284	-4.56801
0.36	-0.002284	-4.56801
0.37	-0.002278	-4.5558
0.38	-0.002278	-4.5558
0.39	-0.002272	-4.54359
0.4	-0.002272	-4.54359
0.41	-0.002266	-4.53138
0.42	-0.002266	-4.53138
0.43	-0.00226	-4.51917
0.44	-0.00226	-4.51917
0.45	-0.002253	-4.50696
0.46	-0.002247	-4.49475
0.47	-0.002241	-4.48254
0.48	-0.002235	-4.47033
0.49	-0.002235	-4.47033
0.5	-0.002229	-4.45812
0.51	-0.002223	-4.44591
0.52	-0.002217	-4.4337
0.53	-0.002211	-4.42149
0.54	-0.002205	-4.40928
0.55	-0.002199	-4.39707
0.56	-0.002192	-4.38486
0.57	-0.002186	-4.37265
0.58	-0.00218	-4.36044
0.59	-0.002168	-4.33602
0.6	-0.002156	-4.3116
0.61	-0.00215	-4.299389
0.62	-0.002137	-4.274969
0.63	-0.002125	-4.250549
0.64	-0.002113	-4.226129
0.65	-0.002095	-4.189499
0.66	-0.002083	-4.165079
0.67	-0.002058	-4.116239
0.68	-0.00204	-4.079609
0.69	-0.002003	-4.006349
0.7	-0.001973	-3.945299
0.71	-0.001924	-3.847619
0.72	-0.001881	-3.762149
0.73	-0.001808	-3.615629
0.74	-0.001747	-3.493529
0.75	-0.001637	-3.273748
0.76	-0.001545	-3.090598
0.77	-0.001387	-2.773138
0.78	-0.001264	-2.528938
0.79	-0.001057	-2.113797
0.8	-0.00093	-1.859149
0.81	-0.000681	-1.362926
0.82	-0.000515	-1.029259
0.83	-0.000268	-0.535481
0.84	-0.000102	-0.204258
0.85	0.000117	0.23452
0.86	0.000258	0.516854
0.87	0.00045	0.89941
0.88	0.00056	1.120632
0.89	0.000715	1.429855
0.9	0.000816	1.632744
0.91	0.000961	1.921189
0.92	0.001058	2.115522
0.93	0.001196	2.391697
0.94	0.001294	2.587057
0.95	0.001446	2.892308
0.96	0.00155	3.099878
0.97	0.001709	3.417338
0.98	0.001825	3.649328
0.99	0.001996	3.991209
1	0.002118	4.235409
1.01	0.002301	4.601709
1.02	0.002435	4.87033
1.03	0.002631	5.26105
1.04	0.002765	5.52967
1.05	0.002966	5.932601
1.06	0.003137	6.274481
1.07	0.003333	6.665201
1.08	0.003479	6.958242
1.09	0.003711	7.422222
1.1	0.00387	7.739683
1.11	0.004108	8.215873
1.12	0.004279	8.557753
1.13	0.004523	9.046154
1.14	0.004737	9.473504
1.15	0.004963	9.925275
1.16	0.00514	10.279365
1.17	0.005414	10.828816
1.18	0.005604	11.207326
1.19	0.005836	11.671306
1.2	0.006092	12.184127
1.21	0.006379	12.757998
1.22	0.006587	13.173138
1.23	0.006886	13.771429
1.24	0.007093	14.186569
1.25	0.007423	14.84591
1.26	0.007637	15.27326
1.27	0.007972	15.944811
1.28	0.008192	16.384371
1.29	0.00854	17.080342
1.3	0.00876	17.519902
1.31	0.009114	18.228083
1.32	0.00934	18.679853
1.33	0.009706	19.412454
1.34	0.009957	19.913065
1.35	0.010317	20.633455
1.36	0.010573	21.146276
1.37	0.010952	21.903297
1.38	0.011409	22.818071
1.39	0.011775	23.550672
1.4	0.012081	24.161172
1.41	0.012447	24.893773
1.42	0.012752	25.504274
1.43	0.013118	26.236874
1.44	0.013424	26.847375
1.45	0.013851	27.702076
1.46	0.014156	28.312576
1.47	0.014584	29.167277
1.48	0.014828	29.655678
1.49	0.015255	30.510379
1.5	0.01556	31.120879
1.51	0.015988	31.97558
1.52	0.016293	32.586081
1.53	0.016781	33.562882
1.54	0.017087	34.173382
1.55	0.017514	35.028083
1.56	0.017941	35.882784
1.57	0.018308	36.615385
1.58	0.018613	37.225885
1.59	0.019101	38.202686
1.6	0.019407	38.813187
1.61	0.019895	39.789988
1.62	0.0202	40.400488
1.63	0.020689	41.377289
1.64	0.021116	42.23199
1.65	0.021543	43.086691
1.66	0.021849	43.697192
1.67	0.022398	44.796093
1.68	0.022703	45.406593
1.69	0.023131	46.261294
1.7	0.023619	47.238095
1.71	0.024107	48.214896
1.72	0.024474	48.947497
1.73	0.025023	50.046398
1.74	0.025328	50.656899
1.75	0.025878	51.7558
1.76	0.026244	52.4884
1.77	0.026244	52.4884
1.78	0.026549	53.098901
1.79	0.02716	54.319902
1.8	0.02716	54.319902
1.81	0.027099	54.197802
1.82	0.027099	54.197802
1.83	0.027099	54.197802
1.84	0.027099	54.197802
1.85	0.027099	54.197802
1.86	0.027099	54.197802
1.87	0.027099	54.197802
1.88	0.027099	54.197802
1.89	0.027099	54.197802
1.9	0.027038	54.075702
1.91	0.027099	54.197802
1.92	0.027099	54.197802
1.93	0.027099	54.197802
1.94	0.027099	54.197802
1.95	0.027038	54.075702
1.96	0.027038	54.075702
1.97	0.027099	54.197802
1.98	0.027038	54.075702
1.99	0.027038	54.075702
