-0.01	-0.006277	-12.553358
0	-0.006277	-12.553358
0.01	-0.006271	-12.541148
0.02	-0.006271	-12.541148
0.03	-0.006264	-12.528938
0.04	-0.006258	-12.516728
0.05	-0.006252	-12.504518
0.06	-0.006252	-12.504518
0.07	-0.006252	-12.504518
0.08	-0.006246	-12.492308
0.09	-0.00624	-12.480098
0.1	-0.006234	-12.467888
0.11	-0.006228	-12.455678
0.12	-0.006222	-12.443468
0.13	-0.006216	-12.431258
0.14	-0.006216	-12.431258
0.15	-0.006203	-12.406838
0.16	-0.006203	-12.406838
0.17	-0.006191	-12.382418
0.18	-0.006185	-12.370208
0.19	-0.006179	-12.357998
0.2	-0.006173	-12.345788
0.21	-0.006167	-12.333578
0.22	-0.006155	-12.309158
0.23	-0.006142	-12.284737
0.24	-0.006136	-12.272527
0.25	-0.006124	-12.248107
0.26	-0.006118	-12.235897
0.27	-0.006106	-12.211477
0.28	-0.006094	-12.187057
0.29	-0.006081	-12.162637
0.3	-0.006069	-12.138217
0.31	-0.006051	-12.101587
0.32	-0.006039	-12.077167
0.33	-0.00602	-12.040537
0.34	-0.006002	-12.003907
0.35	-0.005978	-11.955067
0.36	-0.005959	-11.918437
0.37	-0.005929	-11.857387
0.38	-0.00591	-11.820757
0.39	-0.005874	-11.747497
0.4	-0.005843	-11.686447
0.41	-0.005794	-11.588767
0.42	-0.005764	-11.527717
0.43	-0.005697	-11.393407
0.44	-0.005654	-11.307937
0.45	-0.005568	-11.136996
0.46	-0.005507	-11.014896
0.47	-0.005404	-10.807326
0.48	-0.005312	-10.624176
0.49	-0.005172	-10.343346
0.5	-0.005068	-10.135775
0.51	-0.004879	-9.757265
0.52	-0.004738	-9.476435
0.53	-0.0045	-9.000244
0.54	-0.004323	-8.646154
0.55	-0.004024	-8.047863
0.56	-0.003755	-7.510623
0.57	-0.003462	-6.924542
0.58	-0.003206	-6.411722
0.59	-0.002779	-5.557021
0.6	-0.002485	-4.97094
0.61	-0.002015	-4.030769
0.62	-0.001667	-3.334799
0.63	-0.001142	-2.284737
0.64	-0.000785	-1.570704
0.65	-0.000186	-0.371703
0.66	0.000205	0.41052
0.67	0.000838	1.676744
0.68	0.001269	2.538217
0.69	0.001922	3.844689
0.7	0.002368	4.73602
0.71	0.003088	6.176801
0.72	0.003558	7.116972
0.73	0.004267	8.533333
0.74	0.004761	9.522344
0.75	0.00553	11.060806
0.76	0.006049	12.098657
0.77	0.0068	13.600488
0.78	0.007325	14.650549
0.79	0.008119	16.237851
0.8	0.008638	17.275702
0.81	0.00945	18.899634
0.82	0.009963	19.925275
0.83	0.010793	21.585836
0.84	0.011531	23.062271
0.85	0.012325	24.649573
0.86	0.012935	25.870574
0.87	0.013851	27.702076
0.88	0.014339	28.678877
0.89	0.015194	30.388278
0.9	0.015805	31.60928
0.91	0.016659	33.318681
0.92	0.01727	34.539683
0.93	0.018063	36.126984
0.94	0.018674	37.347985
0.95	0.01959	39.179487
0.96	0.020139	40.278388
0.97	0.020994	41.98779
0.98	0.021604	43.208791
0.99	0.022459	44.918193
1	0.02307	46.139194
1.01	0.023924	47.848596
1.02	0.024535	49.069597
1.03	0.025451	50.901099
1.04	0.026	52
1.05	0.026122	52.2442
1.06	0.026794	53.587302
1.07	0.026733	53.465201
1.08	0.026794	53.587302
1.09	0.026733	53.465201
1.1	0.026733	53.465201
1.11	0.026733	53.465201
1.12	0.026733	53.465201
1.13	0.026733	53.465201
1.14	0.026672	53.343101
1.15	0.026733	53.465201
1.16	0.026733	53.465201
1.17	0.026672	53.343101
1.18	0.026672	53.343101
1.19	0.026733	53.465201
1.2	0.026672	53.343101
1.21	0.026672	53.343101
1.22	0.026672	53.343101
1.23	0.026672	53.343101
1.24	0.026672	53.343101
1.25	0.026672	53.343101
1.26	0.026672	53.343101
1.27	0.026672	53.343101
1.28	0.026611	53.221001
1.29	0.026672	53.343101
1.3	0.026611	53.221001
1.31	0.026611	53.221001
1.32	0.026611	53.221001
1.33	0.026611	53.221001
1.34	0.026611	53.221001
1.35	0.026611	53.221001
1.36	0.026611	53.221001
1.37	0.026611	53.221001
1.38	0.026611	53.221001
1.39	0.026611	53.221001
1.4	0.026611	53.221001
1.41	0.026611	53.221001
1.42	0.026611	53.221001
1.43	0.026611	53.221001
1.44	0.026611	53.221001
1.45	0.026549	53.098901
1.46	0.026549	53.098901
1.47	0.026611	53.221001
1.48	0.026549	53.098901
1.49	0.026549	53.098901
1.5	0.026549	53.098901
1.51	0.026549	53.098901
1.52	0.026549	53.098901
1.53	0.026549	53.098901
1.54	0.026549	53.098901
1.55	0.026549	53.098901
1.56	0.026549	53.098901
1.57	0.026549	53.098901
1.58	0.026549	53.098901
1.59	0.026549	53.098901
1.6	0.026549	53.098901
1.61	0.026549	53.098901
1.62	0.026549	53.098901
1.63	0.026549	53.098901
1.64	0.026549	53.098901
1.65	0.026549	53.098901
1.66	0.026549	53.098901
1.67	0.026488	52.976801
1.68	0.026488	52.976801
1.69	0.026488	52.976801
1.7	0.026549	53.098901
1.71	0.026488	52.976801
1.72	0.026488	52.976801
1.73	0.026549	53.098901
1.74	0.026488	52.976801
1.75	0.026488	52.976801
1.76	0.026488	52.976801
1.77	0.026488	52.976801
1.78	0.026488	52.976801
1.79	0.026488	52.976801
1.8	0.026488	52.976801
1.81	0.026488	52.976801
1.82	0.026488	52.976801
1.83	0.026488	52.976801
1.84	0.026488	52.976801
1.85	0.026488	52.976801
1.86	0.026488	52.976801
1.87	0.026488	52.976801
1.88	0.026488	52.976801
1.89	0.026488	52.976801
1.9	0.026488	52.976801
1.91	0.026488	52.976801
1.92	0.026488	52.976801
1.93	0.026488	52.976801
1.94	0.026488	52.976801
1.95	0.026427	52.854701
1.96	0.026488	52.976801
1.97	0.026427	52.854701
1.98	0.026427	52.854701
1.99	0.026488	52.976801
