-0.01	-0.000787	-1.573148
0	-0.000785	-1.569482
0.01	-0.000782	-1.564593
0.02	-0.000782	-1.564593
0.03	-0.000779	-1.558482
0.04	-0.000776	-1.55237
0.05	-0.000774	-1.547482
0.06	-0.000771	-1.542593
0.07	-0.000769	-1.537704
0.08	-0.000766	-1.532815
0.09	-0.000764	-1.527926
0.1	-0.000761	-1.521815
0.11	-0.000758	-1.515704
0.12	-0.000755	-1.509593
0.13	-0.000751	-1.502259
0.14	-0.000747	-1.494926
0.15	-0.000744	-1.487593
0.16	-0.000741	-1.481481
0.17	-0.000735	-1.469259
0.18	-0.000732	-1.46437
0.19	-0.000725	-1.450926
0.2	-0.000721	-1.44237
0.21	-0.000714	-1.427704
0.22	-0.000709	-1.417926
0.23	-0.000699	-1.397148
0.24	-0.000692	-1.384926
0.25	-0.000681	-1.362926
0.26	-0.000672	-1.344592
0.27	-0.000657	-1.314037
0.28	-0.000645	-1.290815
0.29	-0.000625	-1.250481
0.3	-0.000609	-1.218703
0.31	-0.000581	-1.162481
0.32	-0.00056	-1.120926
0.33	-0.000521	-1.042703
0.34	-0.000491	-0.981592
0.35	-0.000438	-0.875259
0.36	-0.000395	-0.789703
0.37	-0.00032	-0.640592
0.38	-0.00026	-0.519592
0.39	-0.000157	-0.313036
0.4	-8.372964E-5	-0.167459
0.41	5.517606E-5	0.110352
0.42	0.000156	0.31152
0.43	0.000344	0.687965
0.44	0.000483	0.96541
0.45	0.000716	1.431077
0.46	0.000902	1.803855
0.47	0.001159	2.318437
0.48	0.001385	2.770208
0.49	0.001739	3.478388
0.5	0.001989	3.978999
0.51	0.002386	4.77265
0.52	0.002679	5.35873
0.53	0.003137	6.274481
0.54	0.003455	6.909402
0.55	0.003968	7.935043
0.56	0.004413	8.826374
0.57	0.004865	9.729915
0.58	0.005225	10.450305
0.59	0.005817	11.634676
0.6	0.006245	12.489377
0.61	0.006806	13.612698
0.62	0.007264	14.528449
0.63	0.007905	15.810501
0.64	0.00832	16.640781
0.65	0.00901	18.020513
0.66	0.009462	18.924054
0.67	0.010134	20.267155
0.68	0.010579	21.158486
0.69	0.01147	22.940171
0.7	0.011897	23.794872
0.71	0.012691	25.382173
0.72	0.013179	26.358974
0.73	0.013912	27.824176
0.74	0.0144	28.800977
0.75	0.015133	30.266178
0.76	0.015683	31.365079
0.77	0.016415	32.830281
0.78	0.016965	33.929182
0.79	0.017697	35.394383
0.8	0.018247	36.493284
0.81	0.018979	37.958486
0.82	0.019529	39.057387
0.83	0.020322	40.644689
0.84	0.020872	41.74359
0.85	0.021604	43.208791
0.86	0.022154	44.307692
0.87	0.022947	45.894994
0.88	0.023436	46.871795
0.89	0.024291	48.581197
0.9	0.02484	49.680098
0.91	0.025634	51.267399
0.92	0.026183	52.3663
0.93	0.026122	52.2442
0.94	0.027282	54.564103
0.95	0.027221	54.442002
0.96	0.027221	54.442002
0.97	0.027221	54.442002
0.98	0.027221	54.442002
0.99	0.027221	54.442002
1	0.027221	54.442002
1.01	0.027221	54.442002
1.02	0.027221	54.442002
1.03	0.027221	54.442002
1.04	0.027221	54.442002
1.05	0.02716	54.319902
1.06	0.02716	54.319902
1.07	0.02716	54.319902
1.08	0.02716	54.319902
1.09	0.02716	54.319902
1.1	0.02716	54.319902
1.11	0.02716	54.319902
1.12	0.027099	54.197802
1.13	0.027099	54.197802
1.14	0.02716	54.319902
1.15	0.027099	54.197802
1.16	0.027099	54.197802
1.17	0.027099	54.197802
1.18	0.027099	54.197802
1.19	0.027099	54.197802
1.2	0.027099	54.197802
1.21	0.027099	54.197802
1.22	0.027099	54.197802
1.23	0.027099	54.197802
1.24	0.027099	54.197802
1.25	0.027099	54.197802
1.26	0.027099	54.197802
1.27	0.027038	54.075702
1.28	0.027038	54.075702
1.29	0.027038	54.075702
1.3	0.027038	54.075702
1.31	0.027038	54.075702
1.32	0.027038	54.075702
1.33	0.027038	54.075702
1.34	0.027038	54.075702
1.35	0.027038	54.075702
1.36	0.027038	54.075702
1.37	0.027038	54.075702
1.38	0.027038	54.075702
1.39	0.027038	54.075702
1.4	0.026977	53.953602
1.41	0.027038	54.075702
1.42	0.027038	54.075702
1.43	0.027038	54.075702
1.44	0.027038	54.075702
1.45	0.026977	53.953602
1.46	0.026977	53.953602
1.47	0.026977	53.953602
1.48	0.027038	54.075702
1.49	0.026977	53.953602
1.5	0.026977	53.953602
1.51	0.026977	53.953602
1.52	0.026977	53.953602
1.53	0.026977	53.953602
1.54	0.026977	53.953602
1.55	0.026977	53.953602
1.56	0.026977	53.953602
1.57	0.026977	53.953602
1.58	0.026977	53.953602
1.59	0.026977	53.953602
1.6	0.026977	53.953602
1.61	0.026977	53.953602
1.62	0.026977	53.953602
1.63	0.026977	53.953602
1.64	0.026916	53.831502
1.65	0.026977	53.953602
1.66	0.026977	53.953602
1.67	0.026916	53.831502
1.68	0.026916	53.831502
1.69	0.026977	53.953602
1.7	0.026916	53.831502
1.71	0.026916	53.831502
1.72	0.026916	53.831502
1.73	0.026916	53.831502
1.74	0.026916	53.831502
1.75	0.026977	53.953602
1.76	0.026916	53.831502
1.77	0.026916	53.831502
1.78	0.026916	53.831502
1.79	0.026916	53.831502
1.8	0.026916	53.831502
1.81	0.026916	53.831502
1.82	0.026916	53.831502
1.83	0.026916	53.831502
1.84	0.026916	53.831502
1.85	0.026916	53.831502
1.86	0.026916	53.831502
1.87	0.026916	53.831502
1.88	0.026916	53.831502
1.89	0.026916	53.831502
1.9	0.026916	53.831502
1.91	0.026916	53.831502
1.92	0.026916	53.831502
1.93	0.026855	53.709402
1.94	0.026916	53.831502
1.95	0.026855	53.709402
1.96	0.026916	53.831502
1.97	0.026855	53.709402
1.98	0.026855	53.709402
1.99	0.026855	53.709402
