-0.01	-4.1107E-7	-0.000822
0	2.532845E-8	5.06569E-5
0.01	7.023621E-7	0.001405
0.02	1.124768E-6	0.00225
0.03	1.818263E-6	0.003637
0.04	2.317718E-6	0.004635
0.05	2.96516E-6	0.00593
0.06	3.396788E-6	0.006794
0.07	4.130555E-6	0.008261
0.08	4.623844E-6	0.009248
0.09	5.308283E-6	0.010617
0.1	5.813904E-6	0.011628
0.11	6.547671E-6	0.013095
0.12	7.077957E-6	0.014156
0.13	7.81789E-6	0.015636
0.14	8.379007E-6	0.016758
0.15	9.236096E-6	0.018472
0.16	9.741717E-6	0.019483
0.17	1.062347E-5	0.021247
0.18	1.11149E-5	0.02223
0.19	1.203157E-5	0.024063
0.2	1.264268E-5	0.025285
0.21	1.368157E-5	0.027363
0.22	1.435379E-5	0.028708
0.23	1.539268E-5	0.030785
0.24	1.612602E-5	0.032252
0.25	1.722602E-5	0.034452
0.26	1.808157E-5	0.036163
0.27	1.960935E-5	0.039219
0.28	2.034269E-5	0.040685
0.29	2.168713E-5	0.043374
0.3	2.284825E-5	0.045696
0.31	2.455936E-5	0.049119
0.32	2.578158E-5	0.051563
0.33	2.773714E-5	0.055474
0.34	2.957047E-5	0.059141
0.35	3.207603E-5	0.064152
0.36	3.397048E-5	0.067941
0.37	3.745382E-5	0.074908
0.38	3.983715E-5	0.079674
0.39	4.454271E-5	0.089085
0.4	4.796494E-5	0.09593
0.41	5.43205E-5	0.108641
0.42	5.908717E-5	0.118174
0.43	6.849829E-5	0.136997
0.44	7.607608E-5	0.152152
0.45	8.842053E-5	0.176841
0.46	9.929832E-5	0.198597
0.47	0.000118	0.236965
0.48	0.000134	0.268742
0.49	0.000162	0.324965
0.5	0.000188	0.376298
0.51	0.000232	0.463076
0.52	0.000266	0.531521
0.53	0.000328	0.656187
0.54	0.000382	0.763743
0.55	0.000477	0.953188
0.56	0.000575	1.149966
0.57	0.00069	1.380966
0.58	0.000795	1.589966
0.59	0.000989	1.978633
0.6	0.001129	2.257387
0.61	0.001373	2.745788
0.62	0.001556	3.112088
0.63	0.001886	3.771429
0.64	0.00213	4.259829
0.65	0.002521	5.04127
0.66	0.002808	5.61514
0.67	0.003278	6.555311
0.68	0.003601	7.202442
0.69	0.004132	8.264713
0.7	0.004511	9.021734
0.71	0.005079	10.157265
0.72	0.005482	10.963126
0.73	0.006104	12.208547
0.74	0.006538	13.075458
0.75	0.007215	14.430769
0.76	0.007673	15.34652
0.77	0.008351	16.701832
0.78	0.008839	17.678632
0.79	0.009566	19.131624
0.8	0.010085	20.169475
0.81	0.010817	21.634676
0.82	0.011531	23.062271
0.83	0.012264	24.527473
0.84	0.012813	25.626374
0.85	0.013607	27.213675
0.86	0.014156	28.312576
0.87	0.01495	29.899878
0.88	0.015499	30.998779
0.89	0.016354	32.708181
0.9	0.016904	33.807082
0.91	0.017758	35.516484
0.92	0.018308	36.615385
0.93	0.019162	38.324786
0.94	0.019712	39.423687
0.95	0.020567	41.133089
0.96	0.021116	42.23199
0.97	0.021971	43.941392
0.98	0.022581	45.162393
0.99	0.023436	46.871795
1	0.023985	47.970696
1.01	0.02484	49.680098
1.02	0.025451	50.901099
1.03	0.026305	52.610501
1.04	0.026366	52.732601
1.05	0.027526	55.052503
1.06	0.027465	54.930403
1.07	0.027526	55.052503
1.08	0.027465	54.930403
1.09	0.027465	54.930403
1.1	0.027465	54.930403
1.11	0.027465	54.930403
1.12	0.027404	54.808303
1.13	0.027404	54.808303
1.14	0.027465	54.930403
1.15	0.027404	54.808303
1.16	0.027404	54.808303
1.17	0.027404	54.808303
1.18	0.027404	54.808303
1.19	0.027343	54.686203
1.2	0.027404	54.808303
1.21	0.027343	54.686203
1.22	0.027343	54.686203
1.23	0.027343	54.686203
1.24	0.027343	54.686203
1.25	0.027343	54.686203
1.26	0.027343	54.686203
1.27	0.027343	54.686203
1.28	0.027343	54.686203
1.29	0.027343	54.686203
1.3	0.027343	54.686203
1.31	0.027282	54.564103
1.32	0.027282	54.564103
1.33	0.027282	54.564103
1.34	0.027343	54.686203
1.35	0.027282	54.564103
1.36	0.027282	54.564103
1.37	0.027282	54.564103
1.38	0.027282	54.564103
1.39	0.027282	54.564103
1.4	0.027282	54.564103
1.41	0.027282	54.564103
1.42	0.027282	54.564103
1.43	0.027221	54.442002
1.44	0.027221	54.442002
1.45	0.027221	54.442002
1.46	0.027221	54.442002
1.47	0.027221	54.442002
1.48	0.027221	54.442002
1.49	0.027221	54.442002
1.5	0.027221	54.442002
1.51	0.027221	54.442002
1.52	0.027221	54.442002
1.53	0.027221	54.442002
1.54	0.02716	54.319902
1.55	0.027221	54.442002
1.56	0.02716	54.319902
1.57	0.027221	54.442002
1.58	0.027221	54.442002
1.59	0.02716	54.319902
1.6	0.02716	54.319902
1.61	0.027221	54.442002
1.62	0.027221	54.442002
1.63	0.02716	54.319902
1.64	0.02716	54.319902
1.65	0.02716	54.319902
1.66	0.02716	54.319902
1.67	0.02716	54.319902
1.68	0.02716	54.319902
1.69	0.02716	54.319902
1.7	0.02716	54.319902
1.71	0.02716	54.319902
1.72	0.02716	54.319902
1.73	0.02716	54.319902
1.74	0.02716	54.319902
1.75	0.02716	54.319902
1.76	0.027099	54.197802
1.77	0.02716	54.319902
1.78	0.02716	54.319902
1.79	0.027099	54.197802
1.8	0.027099	54.197802
1.81	0.02716	54.319902
1.82	0.027099	54.197802
1.83	0.027099	54.197802
1.84	0.027099	54.197802
1.85	0.027099	54.197802
1.86	0.027099	54.197802
1.87	0.027099	54.197802
1.88	0.027099	54.197802
1.89	0.027099	54.197802
1.9	0.027099	54.197802
1.91	0.027099	54.197802
1.92	0.027099	54.197802
1.93	0.027099	54.197802
1.94	0.027099	54.197802
1.95	0.027099	54.197802
1.96	0.027099	54.197802
1.97	0.027099	54.197802
1.98	0.027099	54.197802
1.99	0.027099	54.197802
