-0.01	-0.002345	-4.69011
0	-0.002351	-4.70232
0.01	-0.002351	-4.70232
0.02	-0.002351	-4.70232
0.03	-0.002351	-4.70232
0.04	-0.002351	-4.70232
0.05	-0.002351	-4.70232
0.06	-0.002345	-4.69011
0.07	-0.002345	-4.69011
0.08	-0.002345	-4.69011
0.09	-0.002345	-4.69011
0.1	-0.002345	-4.69011
0.11	-0.002339	-4.6779
0.12	-0.002339	-4.6779
0.13	-0.002339	-4.6779
0.14	-0.002339	-4.6779
0.15	-0.002339	-4.6779
0.16	-0.002333	-4.66569
0.17	-0.002339	-4.6779
0.18	-0.002333	-4.66569
0.19	-0.002333	-4.66569
0.2	-0.002327	-4.65348
0.21	-0.002327	-4.65348
0.22	-0.002327	-4.65348
0.23	-0.002327	-4.65348
0.24	-0.002327	-4.65348
0.25	-0.002321	-4.64127
0.26	-0.002321	-4.64127
0.27	-0.002315	-4.62906
0.28	-0.002315	-4.62906
0.29	-0.002315	-4.62906
0.3	-0.002308	-4.61685
0.31	-0.002308	-4.61685
0.32	-0.002302	-4.60464
0.33	-0.002302	-4.60464
0.34	-0.002296	-4.59243
0.35	-0.002296	-4.59243
0.36	-0.002296	-4.59243
0.37	-0.00229	-4.58022
0.38	-0.002284	-4.56801
0.39	-0.002284	-4.56801
0.4	-0.002278	-4.5558
0.41	-0.002272	-4.54359
0.42	-0.002272	-4.54359
0.43	-0.002266	-4.53138
0.44	-0.00226	-4.51917
0.45	-0.002253	-4.50696
0.46	-0.002247	-4.49475
0.47	-0.002241	-4.48254
0.48	-0.002235	-4.47033
0.49	-0.002223	-4.44591
0.5	-0.002217	-4.4337
0.51	-0.002211	-4.42149
0.52	-0.002199	-4.39707
0.53	-0.002186	-4.37265
0.54	-0.002174	-4.34823
0.55	-0.002156	-4.3116
0.56	-0.002137	-4.274969
0.57	-0.002119	-4.238339
0.58	-0.002101	-4.201709
0.59	-0.002064	-4.128449
0.6	-0.00204	-4.079609
0.61	-0.001991	-3.981929
0.62	-0.001954	-3.908669
0.63	-0.001881	-3.762149
0.64	-0.00182	-3.640049
0.65	-0.001722	-3.444689
0.66	-0.001643	-3.285958
0.67	-0.001496	-2.992918
0.68	-0.00138	-2.760928
0.69	-0.001179	-2.357998
0.7	-0.001032	-2.064957
0.71	-0.000769	-1.538926
0.72	-0.000572	-1.144148
0.73	-0.000229	-0.45848
0.74	1.563713E-5	0.031274
0.75	0.000434	0.867632
0.76	0.000734	1.467744
0.77	0.001208	2.416117
0.78	0.001544	3.087668
0.79	0.002075	4.149939
0.8	0.002435	4.87033
0.81	0.00304	6.079121
0.82	0.003406	6.811722
0.83	0.004041	8.081563
0.84	0.004456	8.911844
0.85	0.005097	10.193895
0.86	0.005549	11.097436
0.87	0.006208	12.416117
0.88	0.006666	13.331868
0.89	0.007337	14.674969
0.9	0.007789	15.57851
0.91	0.008485	16.970452
0.92	0.008955	17.910623
0.93	0.009639	19.278144
0.94	0.010115	20.230525
0.95	0.010805	21.610256
0.96	0.01147	22.940171
0.97	0.012142	24.283272
0.98	0.01263	25.260073
0.99	0.013302	26.603175
1	0.013851	27.702076
1.01	0.014523	29.045177
1.02	0.01495	29.899878
1.03	0.015683	31.365079
1.04	0.01611	32.21978
1.05	0.016781	33.562882
1.06	0.017331	34.661783
1.07	0.017941	35.882784
1.08	0.018369	36.737485
1.09	0.018979	37.958486
1.1	0.019468	38.935287
1.11	0.020078	40.156288
1.12	0.020505	41.010989
1.13	0.021116	42.23199
1.14	0.021665	43.330891
1.15	0.022215	44.429792
1.16	0.022642	45.284493
1.17	0.023253	46.505495
1.18	0.02368	47.360195
1.19	0.02423	48.459096
1.2	0.024779	49.557998
1.21	0.025389	50.778999
1.22	0.025817	51.6337
1.23	0.025939	51.8779
1.24	0.026244	52.4884
1.25	0.027099	54.197802
1.26	0.027099	54.197802
1.27	0.027099	54.197802
1.28	0.027038	54.075702
1.29	0.027038	54.075702
1.3	0.027038	54.075702
1.31	0.027038	54.075702
1.32	0.027038	54.075702
1.33	0.027038	54.075702
1.34	0.027038	54.075702
1.35	0.026977	53.953602
1.36	0.026977	53.953602
1.37	0.027038	54.075702
1.38	0.026977	53.953602
1.39	0.026977	53.953602
1.4	0.026977	53.953602
1.41	0.026977	53.953602
1.42	0.026977	53.953602
1.43	0.026977	53.953602
1.44	0.026977	53.953602
1.45	0.026977	53.953602
1.46	0.026977	53.953602
1.47	0.026977	53.953602
1.48	0.026916	53.831502
1.49	0.026916	53.831502
1.5	0.026916	53.831502
1.51	0.026916	53.831502
1.52	0.026916	53.831502
1.53	0.026916	53.831502
1.54	0.026916	53.831502
1.55	0.026916	53.831502
1.56	0.026916	53.831502
1.57	0.026916	53.831502
1.58	0.026916	53.831502
1.59	0.026916	53.831502
1.6	0.026916	53.831502
1.61	0.026916	53.831502
1.62	0.026916	53.831502
1.63	0.026916	53.831502
1.64	0.026855	53.709402
1.65	0.026855	53.709402
1.66	0.026855	53.709402
1.67	0.026916	53.831502
1.68	0.026855	53.709402
1.69	0.026855	53.709402
1.7	0.026855	53.709402
1.71	0.026855	53.709402
1.72	0.026855	53.709402
1.73	0.026855	53.709402
1.74	0.026855	53.709402
1.75	0.026855	53.709402
1.76	0.026855	53.709402
1.77	0.026855	53.709402
1.78	0.026855	53.709402
1.79	0.026855	53.709402
1.8	0.026855	53.709402
1.81	0.026855	53.709402
1.82	0.026855	53.709402
1.83	0.026855	53.709402
1.84	0.026794	53.587302
1.85	0.026794	53.587302
1.86	0.026794	53.587302
1.87	0.026794	53.587302
1.88	0.026855	53.709402
1.89	0.026855	53.709402
1.9	0.026794	53.587302
1.91	0.026794	53.587302
1.92	0.026794	53.587302
1.93	0.026794	53.587302
1.94	0.026794	53.587302
1.95	0.026794	53.587302
1.96	0.026794	53.587302
1.97	0.026794	53.587302
1.98	0.026794	53.587302
1.99	0.026794	53.587302
