-0.01	-1.011673E-7	-0.000202
0	-7.11917E-8	-0.000142
0.01	3.430281E-8	6.860562E-5
0.02	2.739124E-7	0.000548
0.03	4.505304E-7	0.000901
0.04	5.492484E-7	0.001098
0.05	7.292242E-7	0.001458
0.06	8.185405E-7	0.001637
0.07	1.00456E-6	0.002009
0.08	1.105293E-6	0.002211
0.09	1.250981E-6	0.002502
0.1	1.374303E-6	0.002749
0.11	1.534622E-6	0.003069
0.12	1.719605E-6	0.003439
0.13	1.904589E-6	0.003809
0.14	1.960084E-6	0.00392
0.15	2.157399E-6	0.004315
0.16	2.274555E-6	0.004549
0.17	2.471871E-6	0.004944
0.18	2.601359E-6	0.005203
0.19	2.829506E-6	0.005659
0.2	2.940496E-6	0.005881
0.21	3.174808E-6	0.00635
0.22	3.242635E-6	0.006485
0.23	3.557107E-6	0.007114
0.24	3.705094E-6	0.00741
0.25	3.939406E-6	0.007879
0.26	4.099725E-6	0.008199
0.27	4.383366E-6	0.008767
0.28	4.457359E-6	0.008915
0.29	4.753333E-6	0.009507
0.3	4.975313E-6	0.009951
0.31	5.104801E-6	0.01021
0.32	5.332947E-6	0.010666
0.33	5.684416E-6	0.011369
0.34	5.881731E-6	0.011763
0.35	6.26403E-6	0.012528
0.36	6.399685E-6	0.012799
0.37	6.960801E-6	0.013922
0.38	7.145784E-6	0.014292
0.39	7.651405E-6	0.015303
0.4	7.92888E-6	0.015858
0.41	8.409837E-6	0.01682
0.42	8.711977E-6	0.017424
0.43	9.291591E-6	0.018583
0.44	9.636894E-6	0.019274
0.45	1.0272E-5	0.020544
0.46	1.074063E-5	0.021481
0.47	1.172601E-5	0.023452
0.48	1.209268E-5	0.024185
0.49	1.325379E-5	0.026508
0.5	1.380379E-5	0.027608
0.51	1.49649E-5	0.02993
0.52	1.630935E-5	0.032619
0.53	1.795935E-5	0.035919
0.54	1.899824E-5	0.037996
0.55	2.162602E-5	0.043252
0.56	2.394825E-5	0.047896
0.57	2.694269E-5	0.053885
0.58	2.957047E-5	0.059141
0.59	3.537604E-5	0.070752
0.6	3.977604E-5	0.079552
0.61	4.857605E-5	0.097152
0.62	5.560383E-5	0.111208
0.63	6.972051E-5	0.139441
0.64	8.127053E-5	0.162541
0.65	0.000105	0.20923
0.66	0.000123	0.24552
0.67	0.000161	0.321298
0.68	0.00019	0.379965
0.69	0.000249	0.49852
0.7	0.000298	0.596298
0.71	0.000389	0.777187
0.72	0.000466	0.931188
0.73	0.000601	1.201299
0.74	0.000709	1.418855
0.75	0.000914	1.827077
0.76	0.001072	2.144855
0.77	0.001336	2.672527
0.78	0.001538	3.075458
0.79	0.001886	3.771429
0.8	0.002136	4.272039
0.81	0.002551	5.10232
0.82	0.00285	5.700611
0.83	0.00332	6.640781
0.84	0.003632	7.263492
0.85	0.004145	8.289133
0.86	0.004493	8.985104
0.87	0.005066	10.132845
0.88	0.005408	10.816606
0.89	0.00597	11.939927
0.9	0.006342	12.684737
0.91	0.006916	13.832479
0.92	0.007283	14.565079
0.93	0.00785	15.700611
0.94	0.008235	16.469841
0.95	0.008797	17.593162
0.96	0.009157	18.313553
0.97	0.009706	19.412454
0.98	0.010085	20.169475
0.99	0.010616	21.231746
1	0.010976	21.952137
1.01	0.011714	23.428571
1.02	0.012081	24.161172
1.03	0.01263	25.260073
1.04	0.012935	25.870574
1.05	0.013485	26.969475
1.06	0.013912	27.824176
1.07	0.0144	28.800977
1.08	0.014706	29.411477
1.09	0.015255	30.510379
1.1	0.015621	31.242979
1.11	0.01611	32.21978
1.12	0.016476	32.952381
1.13	0.016965	33.929182
1.14	0.017453	34.905983
1.15	0.01788	35.760684
1.16	0.018247	36.493284
1.17	0.018796	37.592186
1.18	0.019162	38.324786
1.19	0.019651	39.301587
1.2	0.020078	40.156288
1.21	0.020628	41.255189
1.22	0.020994	41.98779
1.23	0.021604	43.208791
1.24	0.02191	43.819292
1.25	0.02252	45.040293
1.26	0.022886	45.772894
1.27	0.023497	46.993895
1.28	0.023863	47.726496
1.29	0.024474	48.947497
1.3	0.02484	49.680098
1.31	0.025451	50.901099
1.32	0.025817	51.6337
1.33	0.026427	52.854701
1.34	0.026183	52.3663
1.35	0.026733	53.465201
1.36	0.027404	54.808303
1.37	0.027404	54.808303
1.38	0.027404	54.808303
1.39	0.027404	54.808303
1.4	0.027404	54.808303
1.41	0.027404	54.808303
1.42	0.027343	54.686203
1.43	0.027343	54.686203
1.44	0.027343	54.686203
1.45	0.027404	54.808303
1.46	0.027343	54.686203
1.47	0.027343	54.686203
1.48	0.027343	54.686203
1.49	0.027343	54.686203
1.5	0.027343	54.686203
1.51	0.027343	54.686203
1.52	0.027343	54.686203
1.53	0.027343	54.686203
1.54	0.027282	54.564103
1.55	0.027343	54.686203
1.56	0.027282	54.564103
1.57	0.027282	54.564103
1.58	0.027282	54.564103
1.59	0.027282	54.564103
1.6	0.027282	54.564103
1.61	0.027282	54.564103
1.62	0.027282	54.564103
1.63	0.027282	54.564103
1.64	0.027221	54.442002
1.65	0.027282	54.564103
1.66	0.027221	54.442002
1.67	0.027221	54.442002
1.68	0.027221	54.442002
1.69	0.027282	54.564103
1.7	0.027221	54.442002
1.71	0.027221	54.442002
1.72	0.027221	54.442002
1.73	0.027221	54.442002
1.74	0.027221	54.442002
1.75	0.027221	54.442002
1.76	0.027221	54.442002
1.77	0.027221	54.442002
1.78	0.027221	54.442002
1.79	0.027221	54.442002
1.8	0.027221	54.442002
1.81	0.027221	54.442002
1.82	0.02716	54.319902
1.83	0.027221	54.442002
1.84	0.027221	54.442002
1.85	0.02716	54.319902
1.86	0.02716	54.319902
1.87	0.02716	54.319902
1.88	0.02716	54.319902
1.89	0.02716	54.319902
1.9	0.02716	54.319902
1.91	0.02716	54.319902
1.92	0.02716	54.319902
1.93	0.027099	54.197802
1.94	0.02716	54.319902
1.95	0.02716	54.319902
1.96	0.02716	54.319902
1.97	0.02716	54.319902
1.98	0.02716	54.319902
1.99	0.027099	54.197802
