-0.01	-0.002351	-4.70232
0	-0.002357	-4.71453
0.01	-0.002351	-4.70232
0.02	-0.002357	-4.71453
0.03	-0.002351	-4.70232
0.04	-0.002351	-4.70232
0.05	-0.002351	-4.70232
0.06	-0.002351	-4.70232
0.07	-0.002351	-4.70232
0.08	-0.002351	-4.70232
0.09	-0.002345	-4.69011
0.1	-0.002351	-4.70232
0.11	-0.002345	-4.69011
0.12	-0.002345	-4.69011
0.13	-0.002345	-4.69011
0.14	-0.002345	-4.69011
0.15	-0.002339	-4.6779
0.16	-0.002339	-4.6779
0.17	-0.002333	-4.66569
0.18	-0.002333	-4.66569
0.19	-0.002333	-4.66569
0.2	-0.002333	-4.66569
0.21	-0.002327	-4.65348
0.22	-0.002327	-4.65348
0.23	-0.002327	-4.65348
0.24	-0.002321	-4.64127
0.25	-0.002321	-4.64127
0.26	-0.002315	-4.62906
0.27	-0.002315	-4.62906
0.28	-0.002308	-4.61685
0.29	-0.002308	-4.61685
0.3	-0.002308	-4.61685
0.31	-0.002302	-4.60464
0.32	-0.002302	-4.60464
0.33	-0.002296	-4.59243
0.34	-0.002296	-4.59243
0.35	-0.00229	-4.58022
0.36	-0.002284	-4.56801
0.37	-0.002284	-4.56801
0.38	-0.002278	-4.5558
0.39	-0.002272	-4.54359
0.4	-0.002266	-4.53138
0.41	-0.00226	-4.51917
0.42	-0.002253	-4.50696
0.43	-0.002247	-4.49475
0.44	-0.002241	-4.48254
0.45	-0.002235	-4.47033
0.46	-0.002223	-4.44591
0.47	-0.002217	-4.4337
0.48	-0.002205	-4.40928
0.49	-0.002192	-4.38486
0.5	-0.00218	-4.36044
0.51	-0.002162	-4.32381
0.52	-0.00215	-4.299389
0.53	-0.002119	-4.238339
0.54	-0.002101	-4.201709
0.55	-0.002064	-4.128449
0.56	-0.002028	-4.055189
0.57	-0.001985	-3.969719
0.58	-0.001948	-3.896459
0.59	-0.001875	-3.749939
0.6	-0.00182	-3.640049
0.61	-0.001716	-3.432479
0.62	-0.001637	-3.273748
0.63	-0.001496	-2.992918
0.64	-0.00138	-2.760928
0.65	-0.001179	-2.357998
0.66	-0.001032	-2.064957
0.67	-0.000795	-1.590259
0.68	-0.000585	-1.169815
0.69	-0.000255	-0.509814
0.7	-2.714069E-5	-0.054281
0.71	0.000385	0.769854
0.72	0.000682	1.363855
0.73	0.001159	2.318437
0.74	0.001483	2.965568
0.75	0.002008	4.015629
0.76	0.002392	4.78486
0.77	0.002997	5.993651
0.78	0.003388	6.775092
0.79	0.004022	8.044933
0.8	0.004456	8.911844
0.81	0.005127	10.254945
0.82	0.005579	11.158486
0.83	0.006287	12.574847
0.84	0.006782	13.563858
0.85	0.00749	14.98022
0.86	0.007991	15.981441
0.87	0.008766	17.532112
0.88	0.009261	18.521123
0.89	0.010011	20.022955
0.9	0.010524	21.048596
0.91	0.011531	23.062271
0.92	0.01202	24.039072
0.93	0.012813	25.626374
0.94	0.013363	26.725275
0.95	0.014217	28.434676
0.96	0.014706	29.411477
0.97	0.01556	31.120879
0.98	0.01611	32.21978
0.99	0.016904	33.807082
1	0.017453	34.905983
1.01	0.018308	36.615385
1.02	0.018857	37.714286
1.03	0.019712	39.423687
1.04	0.020261	40.522589
1.05	0.021055	42.10989
1.06	0.021788	43.575092
1.07	0.022459	44.918193
1.08	0.023009	46.017094
1.09	0.023863	47.726496
1.1	0.024413	48.825397
1.11	0.025267	50.534799
1.12	0.025756	51.5116
1.13	0.025878	51.7558
1.14	0.027099	54.197802
1.15	0.027099	54.197802
1.16	0.027099	54.197802
1.17	0.027099	54.197802
1.18	0.027099	54.197802
1.19	0.027038	54.075702
1.2	0.027038	54.075702
1.21	0.027038	54.075702
1.22	0.027038	54.075702
1.23	0.027038	54.075702
1.24	0.027038	54.075702
1.25	0.027038	54.075702
1.26	0.027038	54.075702
1.27	0.026977	53.953602
1.28	0.027038	54.075702
1.29	0.026977	53.953602
1.3	0.026977	53.953602
1.31	0.026977	53.953602
1.32	0.026977	53.953602
1.33	0.026977	53.953602
1.34	0.026977	53.953602
1.35	0.026977	53.953602
1.36	0.026977	53.953602
1.37	0.026977	53.953602
1.38	0.026977	53.953602
1.39	0.026916	53.831502
1.4	0.026977	53.953602
1.41	0.026916	53.831502
1.42	0.026916	53.831502
1.43	0.026916	53.831502
1.44	0.026977	53.953602
1.45	0.026916	53.831502
1.46	0.026916	53.831502
1.47	0.026916	53.831502
1.48	0.026916	53.831502
1.49	0.026855	53.709402
1.5	0.026855	53.709402
1.51	0.026916	53.831502
1.52	0.026855	53.709402
1.53	0.026855	53.709402
1.54	0.026916	53.831502
1.55	0.026855	53.709402
1.56	0.026855	53.709402
1.57	0.026855	53.709402
1.58	0.026916	53.831502
1.59	0.026855	53.709402
1.6	0.026855	53.709402
1.61	0.026855	53.709402
1.62	0.026855	53.709402
1.63	0.026855	53.709402
1.64	0.026855	53.709402
1.65	0.026855	53.709402
1.66	0.026855	53.709402
1.67	0.026855	53.709402
1.68	0.026794	53.587302
1.69	0.026855	53.709402
1.7	0.026855	53.709402
1.71	0.026794	53.587302
1.72	0.026855	53.709402
1.73	0.026794	53.587302
1.74	0.026794	53.587302
1.75	0.026855	53.709402
1.76	0.026794	53.587302
1.77	0.026794	53.587302
1.78	0.026855	53.709402
1.79	0.026794	53.587302
1.8	0.026794	53.587302
1.81	0.026794	53.587302
1.82	0.026794	53.587302
1.83	0.026794	53.587302
1.84	0.026794	53.587302
1.85	0.026794	53.587302
1.86	0.026794	53.587302
1.87	0.026794	53.587302
1.88	0.026794	53.587302
1.89	0.026794	53.587302
1.9	0.026794	53.587302
1.91	0.026794	53.587302
1.92	0.026794	53.587302
1.93	0.026794	53.587302
1.94	0.026794	53.587302
1.95	0.026794	53.587302
1.96	0.026794	53.587302
1.97	0.026733	53.465201
1.98	0.026794	53.587302
1.99	0.026733	53.465201
